     7.0288    32.0066    28.2421    32.0067   -25.8795   -29.6440   -25.8794   -25.8795   -57.8861   -57.8861
     7.1023    32.2624    28.4597    32.2624   -25.6237   -29.4264   -25.6237   -25.6237   -57.8861   -57.8861
     7.1758    32.5180    28.6887    32.5180   -25.3681   -29.1973   -25.3681   -25.3681   -57.8861   -57.8861
     7.2493    32.7734    28.9056    32.7735   -25.1127   -28.9805   -25.1126   -25.1127   -31.7620   -57.8861
     7.3228    33.0287    29.1255    33.0288   -24.8574   -28.7606   -24.8573   -24.8574   -31.2869   -57.8861
     7.3963    33.2839    29.3489    33.2840   -24.6022   -28.5372   -24.6021   -24.6022   -30.9309   -57.8861
     7.4698    33.5390    29.5698    33.5390   -24.3471   -28.3163   -24.3471   -24.3471   -30.6202   -57.8861
     7.5433    33.7939    29.7907    33.7940   -24.0922   -28.0954   -24.0921   -24.0922   -30.3320   -57.8861
     7.6168    34.0487    30.0090    34.0488   -23.8374   -27.8771   -23.8373   -23.8374   -30.0564   -57.8861
     7.6903    34.3034    30.2311    34.3034   -23.5827   -27.6550   -23.5827   -23.5827   -29.7883   -57.8861
     7.7638    34.5579    30.4509    34.5579   -23.3282   -27.4352   -23.3282   -23.3282   -29.5249   -57.8861
     7.8373    34.8122    30.6709    34.8123   -23.0739   -27.2152   -23.0738   -23.0739   -29.2646   -57.8861
     7.9108    35.0664    30.8905    35.0664   -22.8197   -26.9956   -22.8196   -22.8197   -29.0063   -57.8861
     7.9843    35.3204    31.1116    35.3204   -22.5657   -26.7745   -22.5657   -22.5657   -28.7494   -57.8861
     8.0578    35.5742    31.3321    35.5742   -22.3119   -26.5540   -22.3119   -22.3119   -28.4933   -57.8861
     8.1313    35.8278    31.5524    35.8279   -22.0583   -26.3337   -22.0582   -22.0583   -28.2380   -57.8861
     8.2048    36.0812    31.7732    36.0812   -21.8049   -26.1128   -21.8048   -21.8049   -27.9831   -57.8861
     8.2783    36.3344    31.9931    36.3344   -21.5517   -25.8930   -21.5517   -21.5517   -27.7287   -57.8861
     8.3518    36.5874    32.2141    36.5874   -21.2987   -25.6720   -21.2987   -21.2987   -27.4745   -57.8861
     8.4253    36.8401    32.4347    36.8401   -21.0460   -25.4514   -21.0460   -21.0460   -27.2207   -57.8861
     8.4988    37.0925    32.6550    37.0926   -20.7935   -25.2311   -20.7935   -20.7935   -26.9671   -57.8861
     8.5723    37.3447    32.8752    37.3448   -20.5413   -25.0109   -20.5413   -20.5413   -26.7138   -57.8861
     8.6458    37.5967    33.0959    37.5967   -20.2894   -24.7902   -20.2894   -20.2894   -26.4607   -57.8861
     8.7193    37.8483    33.3165    37.8483   -20.0378   -24.5696   -20.0378   -20.0378   -26.2079   -57.8861
     8.7928    38.0997    33.5368    38.0997   -19.7864   -24.3493   -19.7864   -19.7864   -25.9554   -57.8861
     8.8663    38.3508    33.7574    38.3508   -19.5353   -24.1286   -19.5353   -19.5353   -25.7031   -57.8861
     8.9398    38.6015    33.9778    38.6015   -19.2846   -23.9083   -19.2846   -19.2846   -25.4511   -57.8861
     9.0133    38.8519    34.1983    38.8520   -19.0341   -23.6878   -19.0341   -19.0341   -25.1993   -57.8861
     9.0868    39.1021    34.4188    39.1021   -18.7840   -23.4673   -18.7840   -18.7840   -24.9479   -57.8861
     9.1603    39.3518    34.6393    39.3519   -18.5342   -23.2468   -18.5342   -18.5342   -24.6967   -57.8861
     9.2338    39.6013    34.8597    39.6013   -18.2848   -23.0264   -18.2848   -18.2848   -24.4458   -57.8861
     9.3073    39.8505    35.0802    39.8505   -18.0356   -22.8059   -18.0356   -18.0356   -24.1953   -57.8861
     9.3808    40.0993    35.3007    40.0993   -17.7868   -22.5854   -17.7868   -17.7868   -23.9451   -57.8861
     9.4543    40.3479    35.5212    40.3479   -17.5382   -22.3649   -17.5382   -17.5382   -23.6951   -57.8861
     9.5278    40.5961    35.7416    40.5961   -17.2900   -22.1445   -17.2899   -17.2900   -23.4455   -57.8861
     9.6013    40.8442    35.9621    40.8442   -17.0419   -21.9240   -17.0419   -17.0419   -23.1962   -57.8861
     9.6748    41.0920    36.1825    41.0920   -16.7941   -21.7036   -16.7941   -16.7941   -22.9473   -57.8861
     9.7483    41.3397    36.4030    41.3397   -16.5464   -21.4831   -16.5464   -16.5464   -22.6985   -57.8861
     9.8218    41.5873    36.6234    41.5873   -16.2988   -21.2627   -16.2988   -16.2988   -22.4501   -57.8861
     9.8953    41.8349    36.8438    41.8349   -16.0512   -21.0423   -16.0512   -16.0512   -22.2019   -57.8861
     9.9688    42.0826    37.0642    42.0826   -15.8035   -20.8219   -15.8035   -15.8035   -21.9538   -57.8861
    10.0423    42.3305    37.2846    42.3305   -15.5556   -20.6015   -15.5556   -15.5556   -21.7060   -57.8861
    10.1158    42.5787    37.5050    42.5787   -15.3074   -20.3811   -15.3074   -15.3074   -21.4582   -57.8861
    10.1892    42.8274    37.7253    42.8274   -15.0587   -20.1608   -15.0587   -15.0587   -21.2104   -57.8861
    10.2627    43.0768    37.9456    43.0768   -14.8093   -19.9405   -14.8093   -14.8093   -20.9625   -57.8861
    10.3362    43.3270    38.1659    43.3270   -14.5591   -19.7202   -14.5591   -14.5591   -20.7144   -57.8861
    10.4097    43.5780    38.3862    43.5780   -14.3081   -19.4999   -14.3081   -14.3081   -20.4659   -57.8861
    10.4832    43.8301    38.6064    43.8301   -14.0560   -19.2797   -14.0560   -14.0560   -20.2170   -57.8861
    10.5567    44.0831    38.8265    44.0831   -13.8030   -19.0596   -13.8029   -13.8030   -19.9676   -57.8861
    10.6302    44.3372    39.0466    44.3372   -13.5489   -18.8395   -13.5489   -13.5489   -19.7174   -57.8861
    10.7037    44.5922    39.2666    44.5922   -13.2939   -18.6195   -13.2939   -13.2939   -19.4664   -57.8861
    10.7772    44.8471    39.4865    44.8471   -13.0389   -18.3996   -13.0389   -13.0389   -19.2145   -57.8861
    10.8507    45.0943    39.7063    45.0943   -12.7918   -18.1798   -12.7918   -12.7918   -18.9617   -57.8861
    10.9242    45.3103    39.9260    45.3103   -12.5758   -17.9601   -12.5758   -12.5758   -18.7081   -57.8861
    10.9977    45.4750    40.1455    45.4750   -12.4111   -17.7406   -12.4111   -12.4111   -18.4556   -26.9308
    11.0712    45.5889    40.3649    45.5889   -12.2972   -17.5212   -12.2972   -12.2972   -18.2105   -26.7103
    11.1447    45.6638    40.5840    45.6638   -12.2223   -17.3021   -12.2223   -12.2223   -17.9830   -26.4897
    11.2182    45.7125    40.8029    45.7125   -12.1736   -17.0832   -12.1736   -12.1736   -17.7800   -26.2690
    11.2917    45.7442    41.0214    45.7442   -12.1419   -16.8647   -12.1419   -12.1419   -17.6022   -26.0484
    11.3652    45.7652    41.2397    45.7652   -12.1209   -16.6464   -12.1209   -12.1209   -17.4466   -25.8278
    11.4387    45.7793    41.4575    45.7794   -12.1068   -16.4286   -12.1067   -12.1068   -17.3087   -25.6073
    11.5122    45.7888    41.6747    45.7888   -12.0973   -16.2113   -12.0973   -12.0973   -17.1845   -25.3867
    11.5857    45.7949    41.8914    45.7950   -12.0912   -15.9947   -12.0911   -12.0912   -17.0708   -25.1662
    11.6592    45.8000    42.1074    45.8001   -12.0861   -15.7787   -12.0860   -12.0861   -16.9652   -24.9458
    11.7327    45.8005    42.3225    45.8006   -12.0856   -15.5636   -12.0855   -12.0856   -16.8659   -24.7256
    11.8062    45.7993    42.5366    45.7995   -12.0868   -15.3495   -12.0866   -12.0868   -16.7715   -24.5055
    11.8797    45.7963    42.7495    45.7966   -12.0898   -15.1366   -12.0894   -12.0898   -16.6810   -24.2854
    11.9532    45.7915    42.9610    45.7921   -12.0946   -14.9251   -12.0939   -12.0946   -16.5937   -24.0523
    12.0267    45.7849    43.1706    45.7860   -12.1012   -14.7155   -12.1001   -12.1012   -16.5090   -23.8125
    12.1002    45.7765    43.3782    45.7782   -12.1096   -14.5079   -12.1078   -12.1096   -16.4263   -23.5791
    12.1737    45.7663    43.5833    45.7691   -12.1198   -14.3028   -12.1170   -12.1199   -16.3453   -23.3498
    12.2472    45.7541    43.7853    45.7587   -12.1320   -14.1008   -12.1274   -12.1320   -16.2657   -23.1235
    12.3207    45.7401    43.9836    45.7476   -12.1460   -13.9025   -12.1384   -12.1460   -16.1873   -22.8992
    12.3942    45.7242    44.1775    45.7364   -12.1619   -13.7086   -12.1497   -12.1619   -16.1098   -22.6763
    12.4677    45.7065    44.3658    45.7259   -12.1796   -13.5203   -12.1602   -12.1796   -16.0331   -22.4545
    12.5412    45.6870    44.5475    45.7174   -12.1991   -13.3386   -12.1687   -12.1992   -15.9570   -22.2336
    12.6147    45.6656    44.7209    45.7124   -12.2205   -13.1652   -12.1737   -12.2205   -15.8814   -22.0134
    12.6882    45.6426    44.8843    45.7124   -12.2435   -13.0018   -12.1737   -12.2436   -15.8063   -21.7938
    12.7617    45.6178    45.0350    45.7187   -12.2683   -12.8510   -12.1674   -12.2684   -15.7315   -21.5747
    12.8352    45.5915    45.1703    45.7311   -12.2946   -12.7158   -12.1550   -12.2948   -15.6570   -21.3562
    12.9087    45.5635    45.2864    45.7477   -12.3226   -12.5997   -12.1384   -12.3228   -15.5827   -21.1382
    12.9822    45.5341    45.3785    45.7643   -12.3520   -12.5076   -12.1218   -12.3523   -15.5087   -20.9208
    13.0557    45.5033    45.4413    45.7744   -12.3828   -12.4448   -12.1116   -12.3832   -15.4347   -20.7041
    13.1292    45.4712    45.4680    45.7706   -12.4149   -12.4181   -12.1155   -12.4154   -15.3609   -20.4882
    13.2027    45.4378    45.4513    45.7456   -12.4483   -12.4348   -12.1405   -12.4490   -15.2872   -20.2732
    13.2762    45.4031    45.3833    45.6944   -12.4830   -12.5028   -12.1917   -12.4838   -15.2135   -20.0592
    13.3497    45.3674    45.2582    45.6173   -12.5187   -12.6279   -12.2688   -12.5197   -15.1399   -19.8464
    13.4232    45.3307    45.0780    45.5235   -12.5554   -12.8081   -12.3626   -12.5568   -15.0664   -19.6350
    13.4967    45.2928    44.8695    45.4318   -12.5933   -13.0166   -12.4543   -12.5950   -14.9929   -19.4253
    13.5702    45.2540    44.7070    45.3625   -12.6321   -13.1791   -12.5236   -12.6343   -14.9194   -19.2176
    13.6437    45.2143    44.6649    45.3222   -12.6718   -13.2212   -12.5639   -12.6748   -14.8459   -19.0122
    13.7172    45.1736    44.7158    45.3034   -12.7125   -13.1703   -12.5827   -12.7163   -14.7725   -18.8094
    13.7907    45.1320    44.7961    45.2968   -12.7541   -13.0900   -12.5893   -12.7591   -14.6991   -18.6097
    13.8642    45.0894    44.8799    45.2982   -12.7967   -13.0062   -12.5879   -12.8032   -14.6257   -18.4134
    13.9377    45.0459    44.9626    45.3073   -12.8402   -12.9235   -12.5788   -12.8487   -14.5523   -18.2211
    14.0112    45.0015    45.0447    45.3247   -12.8846   -12.8414   -12.5614   -12.8958   -14.4789   -18.0330
    14.0846    44.9563    45.1263    45.3506   -12.9298   -12.7598   -12.5355   -12.9446   -14.4056   -17.8494
    14.1581    44.9103    45.2074    45.3848   -12.9758   -12.6787   -12.5013   -12.9954   -14.3322   -17.6703
    14.2316    44.8636    45.2874    45.4263   -13.0225   -12.5987   -12.4598   -13.0485   -14.2589   -17.4956
    14.3051    44.8165    45.3658    45.4738   -13.0696   -12.5203   -12.4123   -13.1042   -14.1856   -17.3245
    14.3786    44.7694    45.4417    45.5254   -13.1167   -12.4444   -12.3607   -13.1630   -14.1123   -17.1560
    14.4521    44.7228    45.5144    45.5794   -13.1632   -12.3717   -12.3067   -13.2254   -14.0391   -16.9887
    14.5256    44.6778    45.5827    45.6336   -13.2083   -12.3034   -12.2525   -13.2919   -13.9659   -16.8210
    14.5991    44.6355    45.6454    45.6859   -13.2506   -12.2407   -12.2002   -13.3632   -13.8929   -16.6516
    14.6726    44.5976    45.7008    45.7338   -13.2885   -12.1853   -12.1523   -13.4402   -13.8200   -16.4791
    14.7461    44.5663    45.7470    45.7747   -13.3198   -12.1391   -12.1114   -13.5239   -13.7473   -16.3029
    14.8196    44.5439    45.7813    45.8058   -13.3422   -12.1048   -12.0803   -13.6153   -13.6749   -16.1227
    14.8931    44.5327    45.8006    45.8234   -13.3534   -12.0855   -12.0627   -13.7158   -13.6030   -15.9390
    14.9666    44.5344    45.8006    45.8235   -13.3517   -12.0855   -12.0626   -13.8271   -13.5318   -15.7524
    15.0401    44.5495    45.7764    45.8014   -13.3366   -12.1097   -12.0847   -13.9508   -13.4617   -15.5640
    15.1136    44.5770    45.7216    45.7517   -13.3091   -12.1645   -12.1344   -14.0895   -13.3933   -15.3752
    15.1871    44.6151    45.6289    45.6691   -13.2710   -12.2572   -12.2170   -14.2455   -13.3271   -15.1872
    15.2606    44.6609    45.4898    45.5498   -13.2252   -12.3963   -12.3363   -14.4220   -13.2638   -15.0016
    15.3341    44.7111    45.2954    45.3959   -13.1750   -12.5907   -12.4902   -14.6224   -13.2038   -14.8197
    15.4076    44.7638    45.0390    45.2238   -13.1223   -12.8471   -12.6622   -14.8502   -13.1472   -14.6429
    15.4811    44.8188    44.7240    45.0750   -13.0673   -13.1621   -12.8111   -15.1106   -13.0939   -14.4727
    15.5546    44.8727    44.3878    44.9957   -13.0134   -13.4983   -12.8904   -15.4091   -13.0437   -14.3108
    15.6281    44.9261    44.1284    44.9903   -12.9600   -13.7577   -12.8958   -15.7528   -12.9965   -14.1585
    15.7016    44.9784    44.0152    45.0233   -12.9077   -13.8708   -12.8628   -16.1496   -12.9520   -14.0173
    15.7751    45.0296    43.9894    45.0675   -12.8565   -13.8967   -12.8186   -16.6092   -12.9100   -13.8882
    15.8486    45.0788    43.9861    45.1126   -12.8073   -13.9000   -12.7735   -17.1429   -12.8704   -13.7718
    15.9221    45.1258    43.9858    45.1562   -12.7602   -13.9003   -12.7299   -17.7642   -12.8329   -13.6677
    15.9956    45.1707    43.9857    45.1982   -12.7154   -13.9004   -12.6879   -18.4889   -12.7976   -13.5745
    16.0691    45.2133    43.9857    45.2383   -12.6728   -13.9004   -12.6478   -19.3360   -12.7642   -13.4899
    16.1426    45.2542    43.9856    45.2770   -12.6319   -13.9005   -12.6091   -20.3279   -12.7327   -13.4112
    16.2161    45.2937    43.9855    45.3146   -12.5924   -13.9005   -12.5715   -21.4911   -12.7031   -13.3357
    16.2896    45.3324    43.9855    45.3515   -12.5537   -13.9006   -12.5346   -22.8572   -12.6752   -13.2617
    16.3631    45.3706    43.9854    45.3882   -12.5155   -13.9007   -12.4979   -24.4635   -12.6490   -13.1882
    16.4366    45.4086    43.9853    45.4247   -12.4775   -13.9008   -12.4614   -26.3545   -12.6245   -13.1148
    16.5101    45.4466    43.9851    45.4614   -12.4395   -13.9010   -12.4247   -28.5827   -12.6016   -13.0414
    16.5836    45.4848    43.9850    45.4983   -12.4013   -13.9011   -12.3878   -31.2107   -12.5804   -12.9680
    16.6571    45.5234    43.9848    45.5358   -12.3627   -13.9013   -12.3503   -34.3126   -12.5607   -12.8947
    16.7306    45.5625    43.9846    45.5739   -12.3236   -13.9015   -12.3122   -37.9767   -12.5426   -12.8213
    16.8041    45.6025    43.9843    45.6128   -12.2836   -13.9018   -12.2733   -42.3076   -12.5260   -12.7480
    16.8776    45.6434    43.9840    45.6529   -12.2426   -13.9021   -12.2332   -57.8861   -12.5110   -12.6746
    16.9511    45.6856    43.9837    45.6941   -12.2005   -13.9024   -12.1920   -57.8861   -12.4974   -12.6013
    17.0246    45.7291    43.9832    45.7368   -12.1570   -13.9028   -12.1493   -57.8861   -12.4854   -12.5279
    17.0981    45.7741    43.9827    45.7810   -12.1120   -13.9033   -12.1051   -57.8861   -12.4748   -12.4545
    17.1716    45.8207    43.9822    45.8270   -12.0654   -13.9039   -12.0591   -57.8861   -12.4658   -12.3812
    17.2451    45.8691    43.9815    45.8747   -12.0170   -13.9046   -12.0114   -57.8861   -12.4581   -12.3078
    17.3186    45.9193    43.9806    45.9243   -11.9667   -13.9055   -11.9618   -57.8861   -12.4518   -12.2345
    17.3921    45.9715    43.9796    45.9759   -11.9146   -13.9065   -11.9102   -57.8861   -12.4470   -12.1611
    17.4656    46.0255    43.9785    46.0293   -11.8606   -13.9076   -11.8568   -57.8861   -12.4435   -12.0877
    17.5391    46.0813    43.9771    46.0847   -11.8048   -13.9090   -11.8014   -57.8861   -12.4413   -12.0144
    17.6126    46.1390    43.9754    46.1419   -11.7471   -13.9106   -11.7442   -57.8861   -12.4405   -11.9410
    17.6861    46.1983    43.9735    46.2009   -11.6877   -13.9126   -11.6852   -57.8861   -12.4409   -11.8677
    17.7596    46.2594    43.9712    46.2616   -11.6267   -13.9149   -11.6245   -57.8861   -12.4426   -11.7943
    17.8331    46.3219    43.9685    46.3238   -11.5642   -13.9176   -11.5623   -57.8861   -12.4455   -11.7210
    17.9066    46.3858    43.9653    46.3874   -11.5003   -13.9208   -11.4987   -57.8861   -12.4495   -11.6477
    17.9800    46.4509    43.9614    46.4523   -11.4352   -13.9247   -11.4338   -57.8861   -12.4548   -11.5744
    18.0535    46.5172    43.9569    46.5184   -11.3689   -13.9292   -11.3677   -57.8861   -12.4611   -11.5011
    18.1270    46.5844    43.9516    46.5855   -11.3017   -13.9345   -11.3006   -57.8861   -12.4686   -11.4278
    18.2005    46.6525    43.9452    46.6534   -11.2335   -13.9409   -11.2327   -57.8861   -12.4771   -11.3546
    18.2740    46.7214    43.9377    46.7221   -11.1647   -13.9484   -11.1640   -57.8861   -12.4866   -11.2815
    18.3475    46.7909    43.9288    46.7915   -11.0952   -13.9573   -11.0946   -57.8861   -12.4972   -11.2084
    18.4210    46.8609    43.9182    46.8614   -11.0252   -13.9679   -11.0247   -57.8861   -12.5087   -11.1353
    18.4945    46.9313    43.9058    46.9317   -10.9548   -13.9803   -10.9544   -57.8861   -12.5212   -11.0623
    18.5680    47.0020    43.8910    47.0024   -10.8841   -13.9951   -10.8837   -57.8861   -12.5346   -10.9895
    18.6415    47.0730    43.8734    47.0733   -10.8131   -14.0127   -10.8128   -57.8861   -12.5489   -10.9167
    18.7150    47.1442    43.8527    47.1444   -10.7419   -14.0334   -10.7417   -57.8861   -12.5640   -10.8441
    18.7885    47.2154    43.8281    47.2155   -10.6707   -14.0580   -10.6705   -57.8861   -12.5800   -10.7717
    18.8620    47.2865    43.7990    47.2867   -10.5996   -14.0871   -10.5994   -57.8861   -12.5967   -10.6995
    18.9355    47.3575    43.7645    47.3576   -10.5286   -14.1216   -10.5285   -57.8861   -12.6142   -10.6277
    19.0090    47.4282    43.7237    47.4283   -10.4579   -14.1624   -10.4578   -57.8861   -12.6324   -10.5564
    19.0825    47.4984    43.6753    47.4984   -10.3877   -14.2108   -10.3876   -57.8861   -12.6512   -10.4857
    19.1560    47.5678    43.6181    47.5679   -10.3183   -14.2680   -10.3182   -57.8861   -12.6706   -10.4158
    19.2295    47.6363    43.5502    47.6363   -10.2498   -14.3359   -10.2498   -57.8861   -12.6906   -10.3469
    19.3030    47.7034    43.4699    47.7034   -10.1827   -14.4162   -10.1827   -57.8861   -12.7110   -10.2796
    19.3765    47.7687    43.3747    47.7688   -10.1174   -14.5114   -10.1173   -57.8861   -12.7318   -10.2140
    19.4500    47.8318    43.2620    47.8318   -10.0543   -14.6241   -10.0543   -57.8861   -12.7529   -10.1507
    19.5235    47.8921    43.1285    47.8921    -9.9940   -14.7576    -9.9940   -57.8861   -12.7743   -10.0903
    19.5970    47.9489    42.9703    47.9489    -9.9372   -14.9158    -9.9372   -57.8861   -12.7958   -10.0333
    19.6705    48.0017    42.7830    48.0017    -9.8844   -15.1030    -9.8844   -57.8861   -12.8172    -9.9805
    19.7440    48.0498    42.5612    48.0498    -9.8363   -15.3249    -9.8363   -57.8861   -12.8384    -9.9323
    19.8175    48.0930    42.2985    48.0930    -9.7931   -15.5876    -9.7931   -57.8861   -12.8591    -9.8891
    19.8910    48.1309    41.9873    48.1309    -9.7552   -15.8988    -9.7552   -57.8861   -12.8792    -9.8511
    19.9645    48.1639    41.6188    48.1639    -9.7222   -16.2673    -9.7222   -57.8861   -12.8985    -9.8180
    20.0380    48.1925    41.1823    48.1925    -9.6936   -16.7038    -9.6936   -57.8861   -12.9166    -9.7894
    20.1115    48.2176    40.6653    48.2176    -9.6685   -17.2208    -9.6685   -57.8861   -12.9335    -9.7643
    20.1850    48.2398    40.0530    48.2398    -9.6463   -17.8331    -9.6463   -57.8861   -12.9488    -9.7421
    20.2585    48.2600    39.3278    48.2600    -9.6261   -18.5583    -9.6261   -57.8861   -12.9624    -9.7218
    20.3320    48.2786    38.4694    48.2786    -9.6075   -19.4167    -9.6075   -57.8861   -12.9741    -9.7033
    20.4055    48.2957    37.4599    48.2957    -9.5904   -20.4262    -9.5904   -57.8861   -12.9837    -9.6861
    20.4790    48.3115    36.3847    48.3115    -9.5746   -21.5013    -9.5746   -57.8861   -12.9912    -9.6704
    20.5525    48.3257    35.9292    48.3257    -9.5603   -21.9569    -9.5603   -57.8861   -12.9964    -9.6561
    20.6260    48.3385    35.9682    48.3385    -9.5475   -21.9178    -9.5475   -57.8861   -12.9993    -9.6433
    20.6995    48.3498    15.0000    48.3498    -9.5363   -42.8861    -9.5363   -57.8861   -13.0000    -9.6321
    20.7730    48.3594    15.0000    48.3594    -9.5267   -42.8861    -9.5267   -57.8861   -12.9985    -9.6225
    20.8465    48.3673    15.0000    48.3673    -9.5188   -42.8861    -9.5188   -57.8861   -12.9949    -9.6146
    20.9200    48.3735    15.0000    48.3735    -9.5126   -42.8861    -9.5126   -57.8861   -12.9894    -9.6084
    20.9935    48.3778    15.0000    48.3778    -9.5083   -42.8861    -9.5083   -57.8861   -12.9821    -9.6041
    21.0670    48.3802    15.0000    48.3802    -9.5058   -42.8861    -9.5058   -57.8861   -12.9733    -9.6017
    21.1405    48.3807    15.0000    48.3807    -9.5054   -42.8861    -9.5054   -57.8861   -12.9632    -9.6012
    21.2140    48.3792    15.0000    48.3792    -9.5069   -42.8861    -9.5069   -57.8861   -12.9519    -9.6028
    21.2875    48.3756    15.0000    48.3756    -9.5105   -42.8861    -9.5105   -57.8861   -12.9397    -9.6064
    21.3610    48.3699    15.0000    48.3699    -9.5161   -42.8861    -9.5161   -57.8861   -12.9268    -9.6121
    21.4345    48.3621    15.0000    48.3621    -9.5240   -42.8861    -9.5240   -57.8861   -12.9134    -9.6200
    21.5080    48.3521    15.0000    48.3521    -9.5340   -42.8861    -9.5340   -57.8861   -12.8996    -9.6301
    21.5815    48.3399    15.0000    48.3399    -9.5462   -42.8861    -9.5462   -57.8861   -12.8857    -9.6423
    21.6550    48.3257    15.0000    48.3257    -9.5604   -42.8861    -9.5604   -57.8861   -12.8717    -9.6567
    21.7285    48.3093    15.0000    48.3093    -9.5768   -42.8861    -9.5768   -57.8861   -12.8579    -9.6732
    21.8020    48.2908    15.0000    48.2908    -9.5953   -42.8861    -9.5953   -57.8861   -12.8442    -9.6919
    21.8754    48.2702    15.0000    48.2702    -9.6158   -42.8861    -9.6158   -57.8861   -12.8309    -9.7126
    21.9489    48.2478    15.0000    48.2478    -9.6383   -42.8861    -9.6383   -57.8861   -12.8180    -9.7352
    22.0224    48.2236    15.0000    48.2236    -9.6625   -42.8861    -9.6625   -57.8861   -12.8055    -9.7597
    22.0959    48.1976    15.0000    48.1976    -9.6885   -42.8861    -9.6885   -57.8861   -12.7936    -9.7860
    22.1694    48.1699    15.0000    48.1699    -9.7162   -42.8861    -9.7162   -57.8861   -12.7823    -9.8139
    22.2429    48.1408    15.0000    48.1408    -9.7453   -42.8861    -9.7453   -57.8861   -12.7717    -9.8435
    22.3164    48.1102    15.0000    48.1102    -9.7759   -42.8861    -9.7759   -57.8861   -12.7617    -9.8745
    22.3899    48.0784    15.0000    48.0784    -9.8077   -42.8861    -9.8077   -57.8861   -12.7525    -9.9069
    22.4634    48.0455    15.0000    48.0455    -9.8406   -42.8861    -9.8406   -57.8861   -12.7441    -9.9405
    22.5369    48.0114    15.0000    48.0114    -9.8747   -42.8861    -9.8747   -57.8861   -12.7365    -9.9753
    22.6104    47.9763    15.0000    47.9763    -9.9098   -42.8861    -9.9098   -57.8861   -12.7299   -10.0113
    22.6839    47.9403    15.0000    47.9403    -9.9458   -42.8861    -9.9458   -57.8861   -12.7243   -10.0482
    22.7574    47.9034    15.0000    47.9034    -9.9827   -42.8861    -9.9827   -57.8861   -12.7199   -10.0861
    22.8309    47.8657    15.0000    47.8657   -10.0204   -42.8861   -10.0204   -57.8861   -12.7169   -10.1249
    22.9044    47.8270    15.0000    47.8270   -10.0591   -42.8861   -10.0591   -57.8861   -12.7157   -10.1647
    22.9779    47.7872    15.0000    47.7872   -10.0989   -42.8861   -10.0989   -57.8861   -12.7166   -10.2055
    23.0514    47.7462    15.0000    47.7462   -10.1399   -42.8861   -10.1399   -57.8861   -12.7204   -10.2473
    23.1249    47.7037    15.0000    47.7037   -10.1824   -42.8861   -10.1824   -57.8861   -12.7280   -10.2902
    23.1984    47.6599    15.0000    47.6599   -10.2262   -42.8861   -10.2262   -57.8861   -12.7384   -10.3342
    23.2719    47.6146    15.0000    47.6146   -10.2715   -42.8861   -10.2715   -57.8861   -12.7518   -10.3796
    23.3454    47.5676    15.0000    47.5676   -10.3185   -42.8861   -10.3185   -57.8861   -12.7683   -10.4266
    23.4189    47.5187    15.0000    47.5187   -10.3674   -42.8861   -10.3674   -57.8861   -12.7884   -10.4755
    23.4924    47.4675    15.0000    47.4675   -10.4186   -42.8861   -10.4186   -57.8861   -12.8125   -10.5265
    23.5659    47.4135    15.0000    47.4135   -10.4726   -42.8861   -10.4726   -57.8861   -12.8409   -10.5802
    23.6394    47.3561    15.0000    47.3561   -10.5300   -42.8861   -10.5300   -57.8861   -12.8744   -10.6373
    23.7129    47.2946    15.0000    47.2946   -10.5915   -42.8861   -10.5915   -57.8861   -12.9129   -10.6985
    23.7864    47.2278    15.0000    47.2278   -10.6583   -42.8861   -10.6583   -57.8861   -12.9572   -10.7648
    23.8599    47.1547    15.0000    47.1547   -10.7314   -42.8861   -10.7314   -57.8861   -13.0076   -10.8375
    23.9334    47.0735    15.0000    47.0735   -10.8126   -42.8861   -10.8126   -57.8861   -13.0635   -10.9183
    24.0069    46.9819    15.0000    46.9819   -10.9041   -42.8861   -10.9041   -57.8861   -13.1265   -11.0096
    24.0804    46.8772    15.0000    46.8772   -11.0089   -42.8861   -11.0089   -57.8861   -13.1950   -11.1143
    24.1539    46.7558    15.0000    46.7558   -11.1303   -42.8861   -11.1303   -57.8861   -13.2696   -11.2359
    24.2274    46.6133    15.0000    46.6133   -11.2728   -42.8861   -11.2728   -57.8861   -13.3500   -11.3790
    24.3009    46.4442    15.0000    46.4442   -11.4419   -42.8861   -11.4419   -57.8861   -13.4348   -11.5493
    24.3744    46.2416    15.0000    46.2416   -11.6445   -42.8861   -11.6445   -57.8861   -13.5263   -11.7543
    24.4479    45.9976    15.0000    45.9976   -11.8885   -42.8861   -11.8885   -57.8861   -13.6222   -12.0028
    24.5214    45.7040    15.0000    45.7040   -12.1821   -42.8861   -12.1821   -57.8861   -13.7239   -12.3052
    24.5949    45.3545    15.0000    45.3545   -12.5316   -42.8861   -12.5316   -57.8861   -13.8321   -12.6733
    24.6684    44.9511    15.0000    44.9511   -12.9350   -42.8861   -12.9350   -57.8861   -13.9461   -13.1199
    24.7419    44.5180    15.0000    44.5180   -13.3681   -42.8861   -13.3681   -57.8861   -14.0710   -13.6573
    24.8154    44.1217    15.0000    44.1217   -13.7644   -42.8861   -13.7644   -57.8861   -14.2056   -14.2908
    24.8889    43.8241    15.0000    43.8241   -14.0620   -42.8861   -14.0620   -57.8861   -14.3550   -14.9879
    24.9624    43.5971    15.0000    43.5971   -14.2890   -42.8861   -14.2890   -57.8861   -14.5252   -15.5992
    25.0359    43.3796    15.0000    43.3796   -14.5065   -42.8861   -14.5065   -57.8861   -14.7220   -15.9768
    25.1094    43.1207    15.0000    43.1207   -14.7654   -42.8861   -14.7654   -57.8861   -14.9689   -16.2612
    25.1829    42.7866    15.0000    42.7866   -15.0995   -42.8861   -15.0995   -57.8861   -15.2944   -16.5915
    25.2564    42.2714    15.0000    42.2714   -15.6147   -42.8861   -15.6147   -57.8861   -15.8037   -17.0994
    25.3299    25.0612    15.0000    25.0612   -32.8249   -42.8861   -32.8249   -57.8861   -57.8861   -57.8861
