     7.0110    30.1921    28.1880    30.1964   -27.6940   -29.6981   -27.6897   -27.6940   -57.8861   -57.8861
     7.0817    30.4054    28.4063    30.4098   -27.4807   -29.4798   -27.4763   -27.4807   -57.8861   -57.8861
     7.1524    30.6194    28.6200    30.6237   -27.2667   -29.2661   -27.2624   -27.2667   -57.8861   -57.8861
     7.2231    30.8342    28.8322    30.8385   -27.0519   -29.0539   -27.0476   -27.0519   -32.6901   -57.8861
     7.2938    31.0501    29.0358    31.0543   -26.8360   -28.8503   -26.8318   -26.8360   -32.2342   -57.8861
     7.3645    31.2672    29.2516    31.2714   -26.6189   -28.6345   -26.6147   -26.6189   -31.9000   -57.8861
     7.4352    31.4858    29.4630    31.4899   -26.4003   -28.4231   -26.3962   -26.4003   -31.6137   -57.8861
     7.5059    31.7061    29.6788    31.7102   -26.1799   -28.2073   -26.1759   -26.1800   -31.3517   -57.8861
     7.5766    31.9284    29.8890    31.9323   -25.9577   -27.9971   -25.9537   -25.9577   -31.1039   -57.8861
     7.6473    32.1528    30.1014    32.1566   -25.7333   -27.7846   -25.7295   -25.7333   -30.8647   -57.8861
     7.7180    32.3793    30.3132    32.3830   -25.5068   -27.5729   -25.5031   -25.5068   -30.6307   -57.8861
     7.7887    32.6080    30.5232    32.6116   -25.2781   -27.3629   -25.2745   -25.2781   -30.3998   -57.8861
     7.8593    32.8388    30.7361    32.8422   -25.0473   -27.1500   -25.0438   -25.0473   -30.1703   -57.8861
     7.9300    33.0714    30.9480    33.0747   -24.8147   -26.9381   -24.8114   -24.8147   -29.9414   -57.8861
     8.0007    33.3054    31.1608    33.3085   -24.5807   -26.7253   -24.5776   -24.5807   -29.7122   -57.8861
     8.0714    33.5402    31.3726    33.5431   -24.3459   -26.5135   -24.3430   -24.3459   -29.4822   -57.8861
     8.1421    33.7756    31.5851    33.7784   -24.1105   -26.3010   -24.1077   -24.1105   -29.2513   -57.8861
     8.2128    34.0111    31.7974    34.0138   -23.8750   -26.0886   -23.8723   -23.8750   -29.0194   -57.8861
     8.2835    34.2468    32.0092    34.2493   -23.6393   -25.8769   -23.6368   -23.6393   -28.7866   -57.8861
     8.3542    34.4824    32.2213    34.4848   -23.4037   -25.6648   -23.4013   -23.4037   -28.5530   -57.8861
     8.4249    34.7181    32.4330    34.7204   -23.1680   -25.4531   -23.1657   -23.1680   -28.3189   -57.8861
     8.4956    34.9540    32.6455    34.9562   -22.9321   -25.2406   -22.9299   -22.9321   -28.0843   -57.8861
     8.5663    35.1902    32.8574    35.1922   -22.6959   -25.0287   -22.6938   -22.6959   -27.8494   -57.8861
     8.6369    35.4268    33.0692    35.4287   -22.4593   -24.8169   -22.4574   -22.4593   -27.6142   -57.8861
     8.7076    35.6640    33.2813    35.6658   -22.2221   -24.6048   -22.2203   -22.2221   -27.3788   -57.8861
     8.7783    35.9019    33.4934    35.9035   -21.9842   -24.3927   -21.9825   -21.9842   -27.1431   -57.8861
     8.8490    36.1405    33.7056    36.1421   -21.7456   -24.1805   -21.7440   -21.7456   -26.9071   -57.8861
     8.9197    36.3801    33.9176    36.3816   -21.5060   -23.9685   -21.5045   -21.5060   -26.6706   -57.8861
     8.9904    36.6207    34.1297    36.6221   -21.2654   -23.7564   -21.2640   -21.2654   -26.4336   -57.8861
     9.0611    36.8623    34.3418    36.8636   -21.0238   -23.5443   -21.0225   -21.0238   -26.1959   -57.8861
     9.1318    37.1051    34.5538    37.1063   -20.7810   -23.3323   -20.7798   -20.7810   -25.9576   -57.8861
     9.2025    37.3489    34.7658    37.3500   -20.5372   -23.1202   -20.5361   -20.5372   -25.7184   -57.8861
     9.2732    37.5936    34.9779    37.5946   -20.2925   -22.9082   -20.2915   -20.2925   -25.4782   -57.8861
     9.3439    37.8389    35.1900    37.8399   -20.0472   -22.6961   -20.0462   -20.0472   -25.2372   -57.8861
     9.4145    38.0847    35.4020    38.0856   -19.8014   -22.4840   -19.8005   -19.8014   -24.9951   -57.8861
     9.4852    38.3307    35.6141    38.3315   -19.5554   -22.2720   -19.5545   -19.5554   -24.7522   -57.8861
     9.5559    38.5767    35.8261    38.5775   -19.3094   -22.0600   -19.3086   -19.3094   -24.5084   -57.8861
     9.6266    38.8227    36.0381    38.8234   -19.0634   -21.8480   -19.0627   -19.0634   -24.2640   -57.8861
     9.6973    39.0684    36.2501    39.0691   -18.8177   -21.6359   -18.8170   -18.8177   -24.0191   -57.8861
     9.7680    39.3140    36.4622    39.3146   -18.5721   -21.4239   -18.5715   -18.5721   -23.7739   -57.8861
     9.8387    39.5595    36.6742    39.5601   -18.3266   -21.2119   -18.3260   -18.3266   -23.5285   -57.8861
     9.9094    39.8049    36.8862    39.8054   -18.0812   -20.9999   -18.0807   -18.0812   -23.2830   -57.8861
     9.9801    40.0503    37.0982    40.0507   -17.8358   -20.7879   -17.8354   -17.8358   -23.0375   -57.8861
    10.0508    40.2955    37.3101    40.2960   -17.5906   -20.5760   -17.5901   -17.5906   -22.7920   -57.8861
    10.1215    40.5408    37.5221    40.5412   -17.3453   -20.3640   -17.3449   -17.3453   -22.5465   -57.8861
    10.1921    40.7860    37.7340    40.7864   -17.1001   -20.1521   -17.0997   -17.1001   -22.3011   -57.8861
    10.2628    41.0311    37.9459    41.0315   -16.8550   -19.9402   -16.8546   -16.8550   -22.0558   -57.8861
    10.3335    41.2762    38.1578    41.2766   -16.6099   -19.7283   -16.6095   -16.6099   -21.8104   -57.8861
    10.4042    41.5213    38.3696    41.5216   -16.3648   -19.5165   -16.3645   -16.3648   -21.5652   -57.8861
    10.4749    41.7663    38.5814    41.7666   -16.1198   -19.3047   -16.1195   -16.1198   -21.3199   -57.8861
    10.5456    42.0113    38.7932    42.0116   -15.8748   -19.0929   -15.8745   -15.8748   -21.0747   -57.8861
    10.6163    42.2563    39.0048    42.2565   -15.6298   -18.8813   -15.6296   -15.6298   -20.8296   -57.8861
    10.6870    42.5012    39.2165    42.5014   -15.3849   -18.6696   -15.3847   -15.3849   -20.5845   -57.8861
    10.7577    42.7461    39.4280    42.7463   -15.1400   -18.4581   -15.1398   -15.1400   -20.3394   -57.8861
    10.8284    42.9910    39.6394    42.9912   -14.8951   -18.2467   -14.8949   -14.8951   -20.0944   -57.8861
    10.8991    43.2359    39.8508    43.2361   -14.6501   -18.0353   -14.6500   -14.6501   -19.8494   -57.8861
    10.9697    43.4809    40.0620    43.4811   -14.4052   -17.8241   -14.4050   -14.4052   -19.6045   -57.8861
    11.0404    43.7259    40.2730    43.7260   -14.1602   -17.6131   -14.1601   -14.1602   -19.3595   -57.8861
    11.1111    43.9710    40.4839    43.9711   -13.9151   -17.4022   -13.9150   -13.9151   -19.1145   -57.8861
    11.1818    44.2161    40.6945    44.2162   -13.6700   -17.1916   -13.6699   -13.6700   -18.8696   -57.8861
    11.2525    44.4613    40.9049    44.4615   -13.4248   -16.9812   -13.4246   -13.4248   -18.6246   -57.8861
    11.3232    44.7067    41.1150    44.7068   -13.1794   -16.7711   -13.1793   -13.1794   -18.3796   -57.8861
    11.3939    44.9522    41.3247    44.9524   -12.9338   -16.5614   -12.9337   -12.9338   -18.1345   -57.8861
    11.4646    45.1977    41.5340    45.1978   -12.6884   -16.3521   -12.6883   -12.6884   -17.8894   -57.8861
    11.5353    45.4381    41.7428    45.4382   -12.4480   -16.1433   -12.4479   -12.4480   -17.6441   -57.8861
    11.6060    45.6508    41.9510    45.6509   -12.2353   -15.9351   -12.2352   -12.2353   -17.3988   -24.0702
    11.6767    45.8102    42.1586    45.8103   -12.0759   -15.7275   -12.0758   -12.0759   -17.1543   -24.7249
    11.7473    45.9133    42.3653    45.9134   -11.9728   -15.5208   -11.9727   -11.9728   -16.9155   -24.5128
    11.8180    45.9723    42.5710    45.9725   -11.9138   -15.3151   -11.9136   -11.9138   -16.6919   -24.2972
    11.8887    46.0014    42.7756    46.0017   -11.8847   -15.1105   -11.8844   -11.8847   -16.4913   -24.0795
    11.9594    46.0114    42.9788    46.0118   -11.8747   -14.9073   -11.8743   -11.8747   -16.3152   -23.8632
    12.0301    46.0092    43.1803    46.0099   -11.8768   -14.7058   -11.8762   -11.8769   -16.1606   -23.6481
    12.1008    45.9991    43.3799    46.0001   -11.8870   -14.5062   -11.8860   -11.8870   -16.0231   -23.4337
    12.1715    45.9835    43.5772    45.9852   -11.9026   -14.3089   -11.9009   -11.9027   -15.8984   -23.2200
    12.2422    45.9638    43.7716    45.9666   -11.9223   -14.1144   -11.9195   -11.9223   -15.7834   -23.0068
    12.3129    45.9422    43.9627    45.9467   -11.9439   -13.9234   -11.9393   -11.9440   -15.6756   -22.7941
    12.3836    45.9160    44.1498    45.9234   -11.9701   -13.7363   -11.9627   -11.9702   -15.5730   -22.5816
    12.4543    45.8877    44.3319    45.8996   -11.9984   -13.5542   -11.9865   -11.9985   -15.4745   -22.3694
    12.5249    45.8575    44.5080    45.8765   -12.0286   -13.3781   -12.0096   -12.0288   -15.3790   -22.1574
    12.5956    45.8253    44.6769    45.8552   -12.0607   -13.2092   -12.0309   -12.0610   -15.2858   -21.9454
    12.6663    45.7915    44.8369    45.8372   -12.0946   -13.0492   -12.0489   -12.0950   -15.1945   -21.7337
    12.7370    45.7560    44.9860    45.8242   -12.1301   -12.9001   -12.0619   -12.1305   -15.1047   -21.5221
    12.8077    45.7192    45.1218    45.8171   -12.1669   -12.7643   -12.0690   -12.1675   -15.0162   -21.3106
    12.8784    45.6811    45.2412    45.8156   -12.2050   -12.6449   -12.0705   -12.2058   -14.9290   -21.0992
    12.9491    45.6419    45.3403    45.8178   -12.2442   -12.5458   -12.0683   -12.2453   -14.8431   -20.8880
    13.0198    45.6018    45.4147    45.8193   -12.2843   -12.4714   -12.0668   -12.2858   -14.7587   -20.6770
    13.0905    45.5609    45.4589    45.8139   -12.3252   -12.4272   -12.0722   -12.3271   -14.6762   -20.4662
    13.1612    45.5194    45.4665    45.7948   -12.3667   -12.4195   -12.0913   -12.3693   -14.5965   -20.2556
    13.2319    45.4774    45.4308    45.7558   -12.4087   -12.4553   -12.1303   -12.4120   -14.5203   -20.0453
    13.3025    45.4351    45.3452    45.6935   -12.4510   -12.5409   -12.1926   -12.4554   -14.4484   -19.8353
    13.3732    45.3925    45.2059    45.6102   -12.4936   -12.6802   -12.2759   -12.4993   -14.3810   -19.6256
    13.4439    45.3498    45.0198    45.5165   -12.5363   -12.8663   -12.3696   -12.5435   -14.3180   -19.4164
    13.5146    45.3071    44.8218    45.4300   -12.5790   -13.0643   -12.4561   -12.5882   -14.2590   -19.2077
    13.5853    45.2645    44.6877    45.3666   -12.6216   -13.1984   -12.5195   -12.6331   -14.2036   -18.9995
    13.6560    45.2222    44.6690    45.3294   -12.6639   -13.2171   -12.5567   -12.6782   -14.1513   -18.7921
    13.7267    45.1802    44.7255    45.3109   -12.7058   -13.1606   -12.5752   -12.7237   -14.1017   -18.5855
    13.7974    45.1388    44.8038    45.3039   -12.7473   -13.0823   -12.5822   -12.7692   -14.0546   -18.3798
    13.8681    45.0980    44.8843    45.3052   -12.7881   -13.0018   -12.5809   -12.8150   -14.0095   -18.1753
    13.9388    45.0579    44.9639    45.3144   -12.8282   -12.9222   -12.5716   -12.8610   -13.9663   -17.9721
    14.0095    45.0186    45.0428    45.3319   -12.8675   -12.8433   -12.5542   -12.9073   -13.9248   -17.7704
    14.0801    44.9802    45.1214    45.3575   -12.9059   -12.7647   -12.5286   -12.9541   -13.8847   -17.5705
    14.1508    44.9427    45.1994    45.3907   -12.9434   -12.6867   -12.4953   -13.0015   -13.8459   -17.3728
    14.2215    44.9060    45.2765    45.4306   -12.9801   -12.6096   -12.4555   -13.0500   -13.8083   -17.1775
    14.2922    44.8700    45.3521    45.4758   -13.0161   -12.5340   -12.4103   -13.0999   -13.7718   -16.9850
    14.3629    44.8347    45.4257    45.5248   -13.0513   -12.4604   -12.3612   -13.1520   -13.7362   -16.7957
    14.4336    44.8000    45.4964    45.5760   -13.0861   -12.3897   -12.3101   -13.2069   -13.7015   -16.6101
    14.5043    44.7657    45.5634    45.6276   -13.1204   -12.3227   -12.2585   -13.2655   -13.6677   -16.4286
    14.5750    44.7320    45.6255    45.6777   -13.1541   -12.2606   -12.2084   -13.3290   -13.6348   -16.2514
    14.6457    44.6990    45.6814    45.7245   -13.1870   -12.2047   -12.1616   -13.3985   -13.6026   -16.0791
    14.7164    44.6673    45.7296    45.7656   -13.2188   -12.1565   -12.1204   -13.4757   -13.5713   -15.9115
    14.7871    44.6375    45.7678    45.7988   -13.2486   -12.1183   -12.0873   -13.5619   -13.5408   -15.7488
    14.8578    44.6108    45.7934    45.8210   -13.2753   -12.0927   -12.0650   -13.6591   -13.5110   -15.5907
    14.9284    44.5884    45.8033    45.8290   -13.2977   -12.0828   -12.0571   -13.7695   -13.4821   -15.4369
    14.9991    44.5718    45.7932    45.8186   -13.3143   -12.0929   -12.0675   -13.8955   -13.4540   -15.2868
    15.0698    44.5621    45.7583    45.7851   -13.3240   -12.1278   -12.1010   -14.0399   -13.4268   -15.1401
    15.1405    44.5602    45.6925    45.7234   -13.3259   -12.1936   -12.1627   -14.2060   -13.4005   -14.9966
    15.2112    44.5662    45.5889    45.6283   -13.3199   -12.2972   -12.2578   -14.3964   -13.3751   -14.8562
    15.2819    44.5795    45.4396    45.4957   -13.3066   -12.4465   -12.3904   -14.6153   -13.3508   -14.7192
    15.3526    44.5990    45.2369    45.3269   -13.2871   -12.6492   -12.5592   -14.8675   -13.3276   -14.5859
    15.4233    44.6232    44.9762    45.1357   -13.2629   -12.9099   -12.7504   -15.1585   -13.3054   -14.4570
    15.4940    44.6509    44.6647    44.9589   -13.2352   -13.2214   -12.9272   -15.4950   -13.2845   -14.3330
    15.5647    44.6810    44.3452    44.8458   -13.2051   -13.5409   -13.0403   -15.8845   -13.2647   -14.2146
    15.6354    44.7128    44.1109    44.8098   -13.1733   -13.7752   -13.0763   -16.3362   -13.2462   -14.1023
    15.7060    44.7458    44.0122    44.8194   -13.1402   -13.8739   -13.0667   -16.8606   -13.2290   -13.9962
    15.7767    44.7797    43.9893    44.8449   -13.1064   -13.8967   -13.0411   -17.4702   -13.2133   -13.8963
    15.8474    44.8142    43.9862    44.8743   -13.0719   -13.8999   -13.0118   -18.1801   -13.1990   -13.8020
    15.9181    44.8491    43.9859    44.9048   -13.0370   -13.9002   -12.9813   -19.0077   -13.1863   -13.7124
    15.9888    44.8845    43.9858    44.9361   -13.0016   -13.9003   -12.9500   -19.9738   -13.1752   -13.6264
    16.0595    44.9207    43.9858    44.9684   -12.9654   -13.9003   -12.9177   -21.1027   -13.1658   -13.5429
    16.1302    44.9579    43.9857    45.0019   -12.9282   -13.9004   -12.8842   -22.4228   -13.1581   -13.4611
    16.2009    44.9966    43.9857    45.0370   -12.8895   -13.9004   -12.8491   -23.9676   -13.1523   -13.3807
    16.2716    45.0370    43.9856    45.0740   -12.8491   -13.9005   -12.8121   -25.7761   -13.1482   -13.3015
    16.3423    45.0793    43.9855    45.1129   -12.8068   -13.9006   -12.7731   -27.8945   -13.1459   -13.2235
    16.4130    45.1234    43.9854    45.1539   -12.7627   -13.9007   -12.7322   -30.3772   -13.1455   -13.1470
    16.4836    45.1694    43.9853    45.1969   -12.7167   -13.9008   -12.6892   -33.2887   -13.1469   -13.0719
    16.5543    45.2170    43.9851    45.2418   -12.6691   -13.9009   -12.6443   -36.7048   -13.1501   -12.9985
    16.6250    45.2661    43.9850    45.2883   -12.6200   -13.9011   -12.5978   -40.7153   -13.1550   -12.9269
    16.6957    45.3163    43.9848    45.3360   -12.5698   -13.9013   -12.5500   -45.4262   -13.1617   -12.8573
    16.7664    45.3672    43.9846    45.3849   -12.5189   -13.9015   -12.5012   -57.8861   -13.1701   -12.7897
    16.8371    45.4187    43.9843    45.4344   -12.4674   -13.9018   -12.4517   -57.8861   -13.1800   -12.7242
    16.9078    45.4702    43.9840    45.4842   -12.4158   -13.9021   -12.4019   -57.8861   -13.1915   -12.6606
    16.9785    45.5219    43.9836    45.5343   -12.3642   -13.9025   -12.3518   -57.8861   -13.2044   -12.5986
    17.0492    45.5738    43.9832    45.5848   -12.3123   -13.9029   -12.3013   -57.8861   -13.2187   -12.5376
    17.1199    45.6259    43.9827    45.6356   -12.2602   -13.9034   -12.2505   -57.8861   -13.2343   -12.4767
    17.1906    45.6792    43.9821    45.6878   -12.2069   -13.9040   -12.1983   -57.8861   -13.2510   -12.4149
    17.2612    45.7342    43.9814    45.7418   -12.1519   -13.9047   -12.1443   -57.8861   -13.2688   -12.3509
    17.3319    45.7924    43.9806    45.7990   -12.0937   -13.9055   -12.0871   -57.8861   -13.2877   -12.2840
    17.4026    45.8543    43.9796    45.8601   -12.0318   -13.9065   -12.0260   -57.8861   -13.3075   -12.2136
    17.4733    45.9205    43.9784    45.9254   -11.9656   -13.9077   -11.9606   -57.8861   -13.3283   -12.1403
    17.5440    45.9902    43.9771    45.9944   -11.8959   -13.9090   -11.8917   -57.8861   -13.3498   -12.0649
    17.6147    46.0624    43.9755    46.0660   -11.8236   -13.9106   -11.8201   -57.8861   -13.3721   -11.9891
    17.6854    46.1357    43.9736    46.1387   -11.7504   -13.9125   -11.7474   -57.8861   -13.3951   -11.9141
    17.7561    46.2087    43.9714    46.2112   -11.6774   -13.9147   -11.6749   -57.8861   -13.4187   -11.8409
    17.8268    46.2803    43.9688    46.2824   -11.6058   -13.9173   -11.6037   -57.8861   -13.4428   -11.7697
    17.8975    46.3502    43.9658    46.3520   -11.5359   -13.9203   -11.5341   -57.8861   -13.4674   -11.7002
    17.9682    46.4187    43.9622    46.4202   -11.4674   -13.9239   -11.4659   -57.8861   -13.4924   -11.6315
    18.0388    46.4866    43.9580    46.4879   -11.3995   -13.9281   -11.3982   -57.8861   -13.5177   -11.5629
    18.1095    46.5546    43.9530    46.5557   -11.3315   -13.9331   -11.3304   -57.8861   -13.5432   -11.4937
    18.1802    46.6232    43.9472    46.6241   -11.2629   -13.9389   -11.2619   -57.8861   -13.5689   -11.4239
    18.2509    46.6926    43.9403    46.6934   -11.1935   -13.9458   -11.1927   -57.8861   -13.5946   -11.3536
    18.3216    46.7626    43.9322    46.7632   -11.1235   -13.9539   -11.1229   -57.8861   -13.6203   -11.2830
    18.3923    46.8330    43.9227    46.8335   -11.0531   -13.9634   -11.0526   -57.8861   -13.6458   -11.2123
    18.4630    46.9034    43.9115    46.9038   -10.9827   -13.9746   -10.9822   -57.8861   -13.6712   -11.1420
    18.5337    46.9735    43.8983    46.9739   -10.9126   -13.9878   -10.9122   -57.8861   -13.6963   -11.0726
    18.6044    47.0428    43.8828    47.0431   -10.8433   -14.0033   -10.8430   -57.8861   -13.7212   -11.0045
    18.6751    47.1108    43.8645    47.1110   -10.7753   -14.0216   -10.7751   -57.8861   -13.7458   -10.9384
    18.7458    47.1768    43.8430    47.1770   -10.7093   -14.0431   -10.7091   -57.8861   -13.7703   -10.8747
    18.8164    47.2404    43.8177    47.2406   -10.6457   -14.0684   -10.6455   -57.8861   -13.7946   -10.8142
    18.8871    47.3009    43.7880    47.3010   -10.5852   -14.0981   -10.5851   -57.8861   -13.8188   -10.7573
    18.9578    47.3577    43.7530    47.3578   -10.5284   -14.1331   -10.5283   -57.8861   -13.8429   -10.7045
    19.0285    47.4105    43.7118    47.4106   -10.4756   -14.1743   -10.4755   -57.8861   -13.8667   -10.6559
    19.0992    47.4591    43.6633    47.4591   -10.4270   -14.2228   -10.4270   -57.8861   -13.8902   -10.6114
    19.1699    47.5035    43.6062    47.5036   -10.3826   -14.2799   -10.3825   -57.8861   -13.9129   -10.5706
    19.2406    47.5443    43.5391    47.5444   -10.3418   -14.3470   -10.3417   -57.8861   -13.9348   -10.5328
    19.3113    47.5821    43.4600    47.5822   -10.3040   -14.4261   -10.3039   -57.8861   -13.9557   -10.4972
    19.3820    47.6177    43.3670    47.6177   -10.2684   -14.5191   -10.2684   -57.8861   -13.9755   -10.4632
    19.4527    47.6518    43.2576    47.6518   -10.2343   -14.6285   -10.2343   -57.8861   -13.9941   -10.4302
    19.5234    47.6848    43.1289    47.6848   -10.2013   -14.7572   -10.2013   -57.8861   -14.0115   -10.3979
    19.5940    47.7171    42.9773    47.7171   -10.1690   -14.9088   -10.1690   -57.8861   -14.0276   -10.3662
    19.6647    47.7487    42.7990    47.7487   -10.1374   -15.0871   -10.1374   -57.8861   -14.0425   -10.3352
    19.7354    47.7798    42.5892    47.7798   -10.1063   -15.2969   -10.1063   -57.8861   -14.0562   -10.3046
    19.8061    47.8104    42.3423    47.8104   -10.0757   -15.5438   -10.0757   -57.8861   -14.0687   -10.2746
    19.8768    47.8404    42.0517    47.8404   -10.0457   -15.8344   -10.0457   -57.8861   -14.0802   -10.2451
    19.9475    47.8699    41.7097    47.8699   -10.0162   -16.1764   -10.0162   -57.8861   -14.0907   -10.2160
    20.0182    47.8990    41.3074    47.8990    -9.9871   -16.5787    -9.9871   -57.8861   -14.1004   -10.1875
    20.0889    47.9275    40.8338    47.9275    -9.9586   -17.0523    -9.9586   -57.8861   -14.1093   -10.1596
    20.1596    47.9555    40.2766    47.9555    -9.9306   -17.6095    -9.9306   -57.8861   -14.1175   -10.1322
    20.2303    47.9829    39.6209    47.9829    -9.9032   -18.2651    -9.9032   -57.8861   -14.1253   -10.1055
    20.3010    48.0096    38.8496    48.0096    -9.8765   -19.0365    -9.8765   -57.8861   -14.1326   -10.0795
    20.3716    48.0356    37.9438    48.0356    -9.8505   -19.9423    -9.8505   -57.8861   -14.1397   -10.0543
    20.4423    48.0608    36.9068    48.0608    -9.8253   -20.9793    -9.8253   -57.8861   -14.1467   -10.0299
    20.5130    48.0853    36.0523    48.0853    -9.8008   -21.8338    -9.8008   -57.8861   -14.1536   -10.0063
    20.5837    48.1089    35.9323    48.1089    -9.7772   -21.9538    -9.7772   -57.8861   -14.1605    -9.9837
    20.6544    48.1315    35.9962    48.1315    -9.7546   -21.8899    -9.7546   -57.8861   -14.1676    -9.9621
    20.7251    48.1532    15.0000    48.1532    -9.7329   -42.8861    -9.7329   -57.8861   -14.1748    -9.9417
    20.7958    48.1737    15.0000    48.1737    -9.7124   -42.8861    -9.7124   -57.8861   -14.1824    -9.9224
    20.8665    48.1930    15.0000    48.1930    -9.6931   -42.8861    -9.6931   -57.8861   -14.1902    -9.9045
    20.9372    48.2109    15.0000    48.2109    -9.6752   -42.8861    -9.6752   -57.8861   -14.1985    -9.8880
    21.0079    48.2275    15.0000    48.2275    -9.6586   -42.8861    -9.6586   -57.8861   -14.2071    -9.8730
    21.0786    48.2425    15.0000    48.2425    -9.6436   -42.8861    -9.6436   -57.8861   -14.2162    -9.8597
    21.1493    48.2559    15.0000    48.2559    -9.6302   -42.8861    -9.6302   -57.8861   -14.2258    -9.8481
    21.2199    48.2675    15.0000    48.2675    -9.6186   -42.8861    -9.6186   -57.8861   -14.2360    -9.8383
    21.2906    48.2774    15.0000    48.2774    -9.6087   -42.8861    -9.6087   -57.8861   -14.2466    -9.8304
    21.3613    48.2853    15.0000    48.2853    -9.6008   -42.8861    -9.6008   -57.8861   -14.2578    -9.8246
    21.4320    48.2913    15.0000    48.2913    -9.5948   -42.8861    -9.5948   -57.8861   -14.2696    -9.8208
    21.5027    48.2951    15.0000    48.2951    -9.5910   -42.8861    -9.5910   -57.8861   -14.2819    -9.8194
    21.5734    48.2966    15.0000    48.2966    -9.5895   -42.8861    -9.5895   -57.8861   -14.2948    -9.8204
    21.6441    48.2957    15.0000    48.2957    -9.5904   -42.8861    -9.5904   -57.8861   -14.3083    -9.8241
    21.7148    48.2921    15.0000    48.2921    -9.5940   -42.8861    -9.5940   -57.8861   -14.3224    -9.8304
    21.7855    48.2859    15.0000    48.2859    -9.6002   -42.8861    -9.6002   -57.8861   -14.3372    -9.8395
    21.8562    48.2769    15.0000    48.2769    -9.6092   -42.8861    -9.6092   -57.8861   -14.3527    -9.8514
    21.9269    48.2650    15.0000    48.2650    -9.6211   -42.8861    -9.6211   -57.8861   -14.3688    -9.8662
    21.9975    48.2503    15.0000    48.2503    -9.6358   -42.8861    -9.6358   -57.8861   -14.3856    -9.8838
    22.0682    48.2328    15.0000    48.2328    -9.6533   -42.8861    -9.6533   -57.8861   -14.4031    -9.9042
    22.1389    48.2125    15.0000    48.2125    -9.6736   -42.8861    -9.6736   -57.8861   -14.4214    -9.9273
    22.2096    48.1895    15.0000    48.1895    -9.6966   -42.8861    -9.6966   -57.8861   -14.4405    -9.9531
    22.2803    48.1638    15.0000    48.1638    -9.7223   -42.8861    -9.7223   -57.8861   -14.4605    -9.9814
    22.3510    48.1356    15.0000    48.1356    -9.7505   -42.8861    -9.7505   -57.8861   -14.4816   -10.0120
    22.4217    48.1050    15.0000    48.1050    -9.7811   -42.8861    -9.7811   -57.8861   -14.5039   -10.0449
    22.4924    48.0722    15.0000    48.0722    -9.8139   -42.8861    -9.8139   -57.8861   -14.5274   -10.0798
    22.5631    48.0374    15.0000    48.0374    -9.8487   -42.8861    -9.8487   -57.8861   -14.5526   -10.1165
    22.6338    48.0007    15.0000    48.0007    -9.8854   -42.8861    -9.8854   -57.8861   -14.5797   -10.1547
    22.7045    47.9625    15.0000    47.9625    -9.9236   -42.8861    -9.9236   -57.8861   -14.6088   -10.1941
    22.7751    47.9231    15.0000    47.9231    -9.9630   -42.8861    -9.9630   -57.8861   -14.6406   -10.2345
    22.8458    47.8826    15.0000    47.8826   -10.0035   -42.8861   -10.0035   -57.8861   -14.6752   -10.2757
    22.9165    47.8413    15.0000    47.8413   -10.0448   -42.8861   -10.0448   -57.8861   -14.7132   -10.3176
    22.9872    47.7992    15.0000    47.7992   -10.0869   -42.8861   -10.0869   -57.8861   -14.7551   -10.3624
    23.0579    47.7542    15.0000    47.7542   -10.1319   -42.8861   -10.1319   -57.8861   -14.8013   -10.4059
    23.1286    47.7105    15.0000    47.7105   -10.1756   -42.8861   -10.1756   -57.8861   -14.8520   -10.4501
    23.1993    47.6660    15.0000    47.6660   -10.2200   -42.8861   -10.2200   -57.8861   -14.9073   -10.4949
    23.2700    47.6210    15.0000    47.6210   -10.2651   -42.8861   -10.2651   -57.8861   -14.9673   -10.5402
    23.3407    47.5754    15.0000    47.5754   -10.3107   -42.8861   -10.3107   -57.8861   -15.0316   -10.5861
    23.4114    47.5294    15.0000    47.5294   -10.3567   -42.8861   -10.3567   -57.8861   -15.0996   -10.6323
    23.4821    47.4830    15.0000    47.4830   -10.4030   -42.8861   -10.4030   -57.8861   -15.1714   -10.6788
    23.5527    47.4364    15.0000    47.4364   -10.4497   -42.8861   -10.4497   -57.8861   -15.2455   -10.7253
    23.6234    47.3897    15.0000    47.3897   -10.4963   -42.8861   -10.4963   -57.8861   -15.3223   -10.7719
    23.6941    47.3431    15.0000    47.3431   -10.5430   -42.8861   -10.5430   -57.8861   -15.4015   -10.8183
    23.7648    47.2967    15.0000    47.2967   -10.5894   -42.8861   -10.5894   -57.8861   -15.4843   -10.8643
    23.8355    47.2506    15.0000    47.2506   -10.6355   -42.8861   -10.6355   -57.8861   -15.5701   -10.9100
    23.9062    47.2048    15.0000    47.2048   -10.6813   -42.8861   -10.6813   -57.8861   -15.6594   -10.9551
    23.9769    47.1597    15.0000    47.1597   -10.7264   -42.8861   -10.7264   -57.8861   -15.7534   -11.0002
    24.0476    47.1146    15.0000    47.1146   -10.7715   -42.8861   -10.7715   -57.8861   -15.8521   -11.0617
    24.1183    47.0531    15.0000    47.0531   -10.8330   -42.8861   -10.8330   -57.8861   -15.9566   -11.1691
    24.1890    46.9457    15.0000    46.9457   -10.9404   -42.8861   -10.9404   -57.8861   -16.0707   -11.3713
    24.2597    46.7435    15.0000    46.7435   -11.1426   -42.8861   -11.1426   -57.8861   -16.1969   -11.6911
    24.3303    46.4236    15.0000    46.4236   -11.4625   -42.8861   -11.4625   -57.8861   -16.3454   -12.0757
    24.4010    46.0390    15.0000    46.0390   -11.8471   -42.8861   -11.8471   -57.8861   -16.5325   -12.4647
    24.4717    45.6500    15.0000    45.6500   -12.2360   -42.8861   -12.2360   -57.8861   -16.7981   -12.8823
    24.5424    45.2324    15.0000    45.2324   -12.6537   -42.8861   -12.6537   -57.8861   -17.2505   -13.4415
    24.6131    44.6732    15.0000    44.6732   -13.2129   -42.8861   -13.2129   -57.8861   -57.8861   -57.8861
