3.16e+08
1.00e+08
2.00e+08
1.00e+08
3.98e+08
3.16e+08
6.31e+08
3.98e+08
1.00e+09
1.00e+09
3.98e+09
7.08e+08
7.08e+08
1.00e+09
2.00e+09
3.98e+08
1.00e+09
2.00e+08
7.94e+08
3.16e+08
3.98e+08
3.98e+08
2.00e+08
5.01e+07
7.08e+08
5.01e+08
6.31e+08
1.00e+09
1.00e+09
7.08e+08
1.00e+09
3.31e+08
6.31e+08
1.00e+09
1.00e+09
1.00e+09
1.00e+09
3.98e+08
5.01e+08
1.51e+09
3.98e+08
2.00e+09
2.00e+09
7.94e+08
2.00e+08
3.98e+08
8.91e+08
1.51e+08
1.26e+08
5.01e+08
6.31e+08
1.51e+09
5.01e+08
2.00e+08
2.00e+08
3.47e+09
7.08e+08
5.01e+08
6.31e+08
3.16e+08
3.98e+08
3.98e+08
1.00e+09
7.94e+08
7.94e+08
1.00e+09
3.16e+08
3.16e+08
5.01e+08
5.01e+08
3.98e+08
6.31e+08
3.98e+09
5.01e+08
5.01e+08
2.00e+09
2.00e+08
1.51e+08
7.08e+08
1.00e+09
7.94e+08
3.98e+08
6.31e+08
6.31e+08
8.91e+07
1.00e+09
3.98e+08
2.00e+09
6.31e+08
1.51e+09
3.98e+08
1.20e+09
3.98e+09
3.98e+09
3.98e+08
3.16e+08
6.31e+08
6.31e+08
1.00e+09
3.98e+08
1.00e+08
3.16e+08
1.00e+08
3.98e+08
7.08e+09
2.00e+08
1.51e+09
1.00e+08
5.01e+08
3.98e+08
5.01e+08
1.00e+09
3.98e+08
7.94e+08
1.00e+08
1.00e+09
1.00e+08
3.98e+08
2.00e+08
8.91e+08
