 E (MeV) Leptonic model (erg/s/cm2)
       1.0108548   5.5760622e-13
       1.0516453   5.8466468e-13
       1.0940818   6.1303668e-13
       1.1382307   6.4274059e-13
       1.1841612   6.7380474e-13
       1.2319450   7.0626219e-13
       1.2816570   7.4018035e-13
       1.3333751   7.7561531e-13
       1.3871801   8.1275985e-13
       1.4431563   8.5170108e-13
       1.5013912   8.9245984e-13
       1.5619761   9.3505349e-13
       1.6250057   9.7952177e-13
       1.6905787   1.0259475e-12
       1.7587978   1.0743782e-12
       1.8297697   1.1250511e-12
       1.9036054   1.1781658e-12
       1.9804206   1.2337565e-12
       2.0603355   1.2918029e-12
       2.1434752   1.3523502e-12
       2.2299697   1.4154955e-12
       2.3199546   1.4812970e-12
       2.4135705   1.5499610e-12
       2.5109641   1.6218900e-12
       2.6122877   1.6971909e-12
       2.7177000   1.7757562e-12
       2.8273660   1.8576288e-12
       2.9414573   1.9429128e-12
       3.0601524   2.0316863e-12
       3.1836371   2.1241286e-12
       3.3121048   2.2207066e-12
       3.4457565   2.3219153e-12
       3.5848013   2.4274470e-12
       3.7294570   2.5373067e-12
       3.8799499   2.6515926e-12
       4.0365155   2.7704097e-12
       4.1993989   2.8939673e-12
       4.3688551   3.0224678e-12
       4.5451493   3.1572694e-12
       4.7285574   3.2978166e-12
       4.9193664   3.4439747e-12
       5.1178751   3.5957955e-12
       5.3243941   3.7534234e-12
       5.5392466   3.9170873e-12
       5.7627690   4.0868567e-12
       5.9953111   4.2642072e-12
       6.2372368   4.4496007e-12
       6.4889248   4.6422057e-12
       6.7507691   4.8419385e-12
       7.0231794   5.0490058e-12
       7.3065822   5.2636268e-12
       7.6014210   5.4859038e-12
       7.9081572   5.7163678e-12
       8.2272710   5.9581732e-12
       8.5592619   6.2092982e-12
       8.9046494   6.4692312e-12
       9.2639742   6.7382712e-12
       9.6377986   7.0165738e-12
       10.026708   7.3043057e-12
       10.431310   7.6018301e-12
       10.852240   7.9113802e-12
       11.290154   8.2348939e-12
       11.745740   8.5690886e-12
       12.219710   8.9143832e-12
       12.712806   9.2707535e-12
       13.225799   9.6384992e-12
       13.759493   1.0017881e-11
       14.314723   1.0408962e-11
       14.892358   1.0818710e-11
       15.493301   1.1242566e-11
       16.118495   1.1679660e-11
       16.768916   1.2129594e-11
       17.445583   1.2592924e-11
       18.149556   1.3069636e-11
       18.881936   1.3559863e-11
       19.643869   1.4067065e-11
       20.436548   1.4595016e-11
       21.261213   1.5139579e-11
       22.119156   1.5698636e-11
       23.011719   1.6273043e-11
       23.940299   1.6862182e-11
       24.906350   1.7466548e-11
       25.911383   1.8086199e-11
       26.956972   1.8728823e-11
       28.044753   1.9393037e-11
       29.176428   2.0074705e-11
       30.353770   2.0773780e-11
       31.578620   2.1488188e-11
       32.852896   2.2219130e-11
       34.178592   2.2965510e-11
       35.557783   2.3730615e-11
       36.992628   2.4520691e-11
       38.485373   2.5331829e-11
       40.038353   2.6162696e-11
       41.654000   2.7009880e-11
       43.334843   2.7874593e-11
       45.083512   2.8753495e-11
       46.902744   2.9648517e-11
       48.795386   3.0564100e-11
       50.764401   3.1502505e-11
       52.812871   3.2461344e-11
       54.944002   3.3438463e-11
       57.161129   3.4432224e-11
       59.467723   3.5439372e-11
       61.867393   3.6461301e-11
       64.363897   3.7495235e-11
       66.961140   3.8548681e-11
       69.663189   3.9619581e-11
       72.474272   4.0707327e-11
       75.398789   4.1810286e-11
       78.441317   4.2925007e-11
       81.606620   4.4050145e-11
       84.899650   4.5182218e-11
       88.325562   4.6325602e-11
       91.889718   4.7477463e-11
       95.597697   4.8643656e-11
       99.455302   4.9814041e-11
       103.46857   5.0995150e-11
       107.64378   5.2178731e-11
       111.98748   5.3364932e-11
       116.50645   5.4550280e-11
       121.20778   5.5736901e-11
       126.09881   5.6924523e-11
       131.18721   5.8109260e-11
       136.48094   5.9291853e-11
       141.98829   6.0465329e-11
       147.71787   6.1637793e-11
       153.67865   6.2794200e-11
       159.87997   6.3943533e-11
       166.33153   6.5074460e-11
       173.04342   6.6191932e-11
       180.02615   6.7289179e-11
       187.29065   6.8371326e-11
       194.84830   6.9432937e-11
       202.71091   7.0467227e-11
       210.89080   7.1474162e-11
       219.40077   7.2454574e-11
       228.25413   7.3401665e-11
       237.46476   7.4308916e-11
       247.04705   7.5199625e-11
       257.01601   7.6037624e-11
       267.38725   7.6840322e-11
       278.17699   7.7593542e-11
       289.40212   7.8312622e-11
       301.08022   7.8967619e-11
       313.22955   7.9589590e-11
       325.86915   8.0155615e-11
       339.01878   8.0657963e-11
       352.69903   8.1103062e-11
       366.93131   8.1504330e-11
       381.73790   8.1835008e-11
       397.14198   8.2101878e-11
       413.16764   8.2310704e-11
       429.83998   8.2457350e-11
       447.18510   8.2507084e-11
       465.23013   8.2522192e-11
       484.00332   8.2457779e-11
       503.53406   8.2308711e-11
       523.85291   8.2102286e-11
       544.99168   8.1796449e-11
       566.98345   8.1461490e-11
       589.86264   8.0988978e-11
       613.66507   8.0517326e-11
       638.42798   7.9904552e-11
       664.19014   7.9260131e-11
       690.99186   7.8517331e-11
       718.87510   7.7699289e-11
       747.88350   7.6822474e-11
       778.06246   7.5844845e-11
       809.45922   7.4850462e-11
       842.12291   7.3722343e-11
       876.10467   7.2582225e-11
       911.45767   7.1346157e-11
       948.23725   7.0043997e-11
       986.50099   6.8704943e-11
       1026.3088   6.7263919e-11
       1067.7229   6.5838228e-11
       1110.8081   6.4271983e-11
       1155.6320   6.2742513e-11
       1202.2646   6.1085283e-11
       1250.7790   5.9466992e-11
       1301.2511   5.7756348e-11
       1353.7598   5.6039931e-11
       1408.3873   5.4290175e-11
       1465.2193   5.2478616e-11
       1524.3445   5.0703690e-11
       1585.8556   4.8866823e-11
       1649.8488   4.7067508e-11
       1716.4243   4.5211922e-11
       1785.6863   4.3399401e-11
       1857.7432   4.1523210e-11
       1932.7078   3.9718485e-11
       2010.6973   3.7868810e-11
       2091.8340   3.6105741e-11
       2176.2447   3.4291415e-11
       2264.0616   3.2560247e-11
       2355.4221   3.0788859e-11
       2450.4692   2.9093342e-11
       2549.3518   2.7443491e-11
       2652.2245   2.5787982e-11
       2759.2483   2.4253231e-11
       2870.5908   2.2654410e-11
       2986.4263   2.1197198e-11
       3106.9361   1.9677378e-11
       3232.3087   1.8355684e-11
       3362.7404   1.6966704e-11
       3498.4353   1.5723299e-11
       3639.6059   1.4495990e-11
       3786.4730   1.3272534e-11
       3939.2666   1.2209124e-11
       4098.2258   1.1085892e-11
       4263.5994   1.0175569e-11
       4435.6463   9.1509156e-12
       4614.6356   8.3519503e-12
       4800.8477   7.4774399e-12
       4994.5738   6.7134490e-12
       5196.1173   6.0325621e-12
       5405.7936   5.3203497e-12
       5623.9308   4.7842153e-12
       5850.8704   4.1652101e-12
       6086.9676   3.6953399e-12
       6332.5918   3.2145312e-12
       6588.1277   2.7961006e-12
       6853.9750   2.4442724e-12
       7130.5500   2.0781405e-12
       7418.2854   1.8071526e-12
       7717.6317   1.5085011e-12
       8029.0573   1.2869878e-12
       8353.0497   1.0870533e-12
       8690.1161   9.0451765e-13
       9040.7839   7.5665144e-13
       9405.6020   6.1920929e-13
       9785.1415   5.0182768e-13
       10179.996   4.0750236e-13
       10590.784   3.2919753e-13
       11018.149   2.6362778e-13
       11462.759   2.0847760e-13
       11925.309   1.6371449e-13
       12406.525   1.2435262e-13
       12907.160   9.5790708e-14
       13427.996   7.3143013e-14
       13969.849   5.5081882e-14
       14533.567   4.1073261e-14
       15120.032   3.0182528e-14
       15730.163   2.1318652e-14
       16364.914   1.5214517e-14
       17025.279   1.0821643e-14
       17712.292   7.5525389e-15
       18427.027   5.1848551e-15
       19170.603   3.5084485e-15
       19944.185   2.2237707e-15
       20748.982   1.4621114e-15
       21586.255   9.4634218e-16
       22457.314   5.9971584e-16
       23363.523   3.7305554e-16
       24306.299   2.2396689e-16
       25287.119   1.2606992e-16
       26307.517   7.3716336e-17
       27369.091   4.2154568e-17
       28473.502   2.3706262e-17
       29622.478   1.2871079e-17
