#Energy [keV] Err_energy [keV]  Flux [ergs cm-2 s-1] err_flux [ergs cm-2 s-1]
0.56222749 1.01415217E-2 2.96767994E-5 8.63794014E-7
1.62215962E-4 2.26564998E-6 7.55832966E-11 0
0.58248103 1.01119876E-2 5.11633989E-5 1.45695003E-6
2.84333975E-4 3.99293003E-6 1.40241999E-10 0
0.60267603 1.00829899E-2 8.23791997E-5 2.17317006E-6
4.67805425E-4 6.61571312E-6 2.44462006E-10 0
0.62281454 1.00555122E-2 1.28247993E-4 3.08377003E-6
7.29364809E-4 1.04023356E-5 4.04183992E-10 0
0.64289802 1.00280046E-2 1.81940006E-4 4.08213009E-6
1.08282571E-3 1.55935959E-5 6.3647998E-10 0
0.66292751 1.00014806E-2 2.5024201E-4 5.24954021E-6
1.54330989E-3 2.24657597E-5 9.62513957E-10 0
0.68290496 9.97599959E-3 3.55136988E-4 6.86701014E-6
2.12661317E-3 3.13264536E-5 1.40829004E-9 0
0.70283246 9.95150208E-3 4.40086005E-4 7.77250989E-6
3.88775698E-5 1.14198597E-8 0 0
0.725191 1.24070048E-2 4.80682007E-4 7.13874988E-6
2.88595748E-3 4.3726388E-5 2.17254992E-9 0
0.74749804 9.90000367E-3 6.24433975E-4 9.6640797E-6
3.84258945E-3 5.91584576E-5 3.09245007E-9 0
0.76727748 9.87949967E-3 7.96812994E-4 1.13487004E-5
4.82357154E-3 7.53906061E-5 4.12294998E-9 0
0.789478 1.23209953E-2 9.78983007E-4 1.19106999E-5
6.05598139E-3 9.63444181E-5 5.54000978E-9 0
0.81163502 9.83601809E-3 1.21434999E-3 1.53247001E-5
7.42175896E-3 1.20243341E-4 7.26137994E-9 0
0.83374202 1.2270987E-2 1.43903005E-3 1.57734994E-5
1.46804508E-4 5.8097104E-8 0 0
0.85581148 9.79849696E-3 1.66783005E-3 1.99258993E-5
1.04305092E-2 1.75566398E-4 1.16708998E-8 0
0.87783802 1.22279823E-2 1.54623995E-3 1.57556005E-5
9.49224923E-3 1.62975077E-4 1.13561001E-8 0
0.90227294 1.22070014E-2 1.75348995E-3 1.76707999E-5
1.95100612E-4 8.93859564E-8 0 0
0.92423248 9.75251198E-3 2.02278001E-3 2.21742994E-5
2.30129692E-4 1.10325438E-7 0 0
0.9461605 1.21755004E-2 2.35815998E-3 2.18630994E-5
2.6845219E-4 1.34681599E-7 0 0
0.97049701 1.21610165E-2 2.65641999E-3 2.37269996E-5
3.14529083E-4 1.6579186E-7 0 0
0.99237901 9.72098112E-3 2.9998899E-3 2.88548999E-5
3.59136204E-4 1.97764805E-7 0 0
1.01424 1.21400356E-2 3.39535996E-3 2.79100004E-5
4.06494044E-4 2.33787929E-7 0 0
1.0385101 1.21299624E-2 3.72689008E-3 2.98916002E-5
4.62295575E-4 2.78824729E-7 0 0
1.062765 1.21250153E-2 4.12666006E-3 3.21061016E-5
5.21202863E-4 3.29452718E-7 0 0
1.08701 1.21200085E-2 4.49238019E-3 3.40625993E-5
5.83030225E-4 3.86019167E-7 0 0
1.11125 1.21200085E-2 4.88024019E-3 3.62005012E-5
6.47532113E-4 4.48809885E-7 0 0
1.1354849 1.21149421E-2 5.21354983E-3 3.78816985E-5
7.1446033E-4 5.18095931E-7 0 0
1.1597149 1.21150017E-2 5.58267999E-3 3.98841985E-5
7.83605909E-4 5.94190908E-7 0 0
1.1839449 1.21150613E-2 5.8551901E-3 4.1850999E-5
8.54754529E-4 6.77392848E-7 0 0
1.2081851 1.21250153E-2 6.35372987E-3 4.40889016E-5
9.27712827E-4 7.68018936E-7 0 0
1.232435 1.21249557E-2 6.67282008E-3 4.58487011E-5
1.00226409E-3 8.66347477E-7 0 0
1.259115 1.4555037E-2 7.10990978E-3 4.41152988E-5
1.08574063E-3 9.8367002E-7 0 0
1.28581 1.21399164E-2 7.48489005E-3 5.08785015E-5
1.17085455E-3 1.11112831E-6 0 0
1.310095 1.21450424E-2 7.53208995E-3 5.08420999E-5
1.20257167E-3 1.18966534E-6 0 0
1.3343999 1.21600032E-2 7.6534301E-3 5.20536014E-5
1.26747403E-3 1.30698868E-6 0 0
1.361155 1.45949721E-2 8.15378036E-3 5.02793991E-5
1.3530096E-3 1.45943739E-6 0 0
1.3879299 1.21800303E-2 8.40937998E-3 5.66501985E-5
1.439368E-3 1.62319634E-6 0 0
1.4123 1.21899843E-2 8.60122964E-3 5.84123991E-5
1.51815126E-3 1.7820081E-6 0 0
1.4391301 1.46400332E-2 8.67834967E-3 5.42749003E-5
1.60493189E-3 1.96793758E-6 0 0
1.4659801 1.22099519E-2 8.96243006E-3 6.15742974E-5
1.69198739E-3 2.16620333E-6 0 0
1.492865 1.46750212E-2 9.16690007E-3 5.76827006E-5
1.77873881E-3 2.37676841E-6 0 0
1.5197799 1.22399926E-2 9.2898896E-3 6.5096101E-5
1.86549628E-3 2.60054435E-6 0 0
1.546725 1.47050619E-2 9.4652297E-3 6.11686992E-5
1.95162499E-3 2.83704003E-6 0 0
1.5736949 1.22649074E-2 9.55410954E-3 6.90374E-5
2.03748071E-3 3.08749304E-6 0 0
1.6006949 1.4735043E-2 9.73561965E-3 6.46768021E-5
2.12253025E-3 3.35213508E-6 0 0
1.627725 1.22950077E-2 9.77978017E-3 7.24287966E-5
2.20724544E-3 3.63517074E-6 0 0
1.654785 1.47650242E-2 9.91605036E-3 6.76173004E-5
2.29030382E-3 3.92265792E-6 0 0
1.68187 1.23199224E-2 1.00282002E-2 7.47693994E-5
2.37296661E-3 4.22905168E-6 0 0
1.708985 1.47950649E-2 1.01028997E-2 6.9350499E-5
2.45449506E-3 4.5472093E-6 0 0
1.738595 1.48149729E-2 9.90003999E-3 6.97993019E-5
2.54241726E-3 4.92187519E-6 0 0
1.768235 1.48250461E-2 9.87835974E-3 7.07219006E-5
2.62881955E-3 5.30986972E-6 0 0
1.7954251 1.23649836E-2 9.80119035E-3 7.86551973E-5
2.70681665E-3 5.68232736E-6 0 0
1.8226449 1.48549676E-2 9.80925001E-3 7.42901029E-5
2.78337137E-3 6.07086895E-6 0 0
1.852365 1.48649812E-2 9.56126023E-3 7.49480969E-5
2.78867874E-3 6.33884792E-6 0 0
1.8821049 1.48749948E-2 9.72823985E-3 7.86790988E-5
2.86267535E-3 6.77933485E-6 0 0
1.91187 1.48900151E-2 9.76920035E-3 8.11353966E-5
2.9417295E-3 7.2642888E-6 0 0
1.9416599 1.49000287E-2 9.86627024E-3 8.32028018E-5
3.01988982E-3 7.75335957E-6 0 0
1.97147 1.49099827E-2 9.79238003E-3 8.32200021E-5
3.09592718E-3 8.27157874E-6 0 0
2.0012951 1.49150491E-2 9.47344955E-3 8.37547996E-5
3.1701664E-3 8.81088999E-6 0 0
2.0311399 1.49298906E-2 9.56659019E-3 8.50170036E-5
3.24260141E-3 9.37171808E-6 0 0
2.0610049 1.49350166E-2 9.47440043E-3 8.57052E-5
3.31322034E-3 9.95437676E-6 0 0
2.0908799 1.49401426E-2 9.44355968E-3 8.69451978E-5
3.38199222E-3 1.05589961E-5 0 0
2.1207652 1.4944911E-2 9.40935966E-3 8.87263013E-5
3.44891381E-3 1.11858681E-5 0 0
2.150665 1.49550438E-2 9.23421979E-3 8.95931007E-5
3.51399602E-3 1.18354083E-5 0 0
2.1805801 1.49599314E-2 9.08003002E-3 9.13132972E-5
3.57831479E-3 1.24980443E-5 0 0
2.210505 1.49650574E-2 8.87740031E-3 9.43514024E-5
3.63869686E-3 1.3203753E-5 0 0
2.2429349 1.74648762E-2 8.80218018E-3 9.22951003E-5
3.70308687E-3 1.39835865E-5 0 0
2.2753701 1.49701834E-2 8.6503299E-3 1.05173E-4
3.76548688E-3 1.47915835E-5 0 0
2.305315 1.49749517E-2 8.70149955E-3 1.10604997E-4
3.82113853E-3 1.55620946E-5 0 0
2.3352699 1.49799585E-2 8.52269959E-3 1.12542002E-4
3.87501321E-3 1.63568984E-5 0 0
2.3677301 1.74800158E-2 8.46146978E-3 1.07059997E-4
3.93132586E-3 1.72453347E-5 0 0
2.4001951 1.49849653E-2 8.20839964E-3 1.16042E-4
3.98564851E-3 1.81638206E-5 0 0
2.4326649 1.74850225E-2 8.0748396E-3 1.06968E-4
4.03676461E-3 1.91193976E-5 0 0
2.4651399 1.49899721E-2 8.0618998E-3 1.13998998E-4
4.07391787E-3 2.00148825E-5 0 0
2.4976149 1.74850225E-2 7.86838029E-3 1.05617997E-4
4.08964418E-3 2.08526599E-5 0 0
2.5300951 1.49950981E-2 7.7960901E-3 1.14896997E-4
4.13741451E-3 2.18876157E-5 0 0
2.5625801 1.74899101E-2 7.58248009E-3 1.05651998E-4
4.18444537E-3 2.29414036E-5 0 0
2.5950651 1.49949789E-2 7.65792979E-3 1.14488997E-4
4.22703382E-3 2.40474619E-5 0 0
2.6275549 1.74950361E-2 7.51662022E-3 1.05929998E-4
4.2675226E-3 2.51843994E-5 0 0
2.6600451 1.49949789E-2 7.27442E-3 1.15420997E-4
4.30906564E-3 2.63303737E-5 0 0
2.6925349 1.74950361E-2 7.18013989E-3 1.05960004E-4
4.34730109E-3 2.75181283E-5 0 0
2.72753 1.74999237E-2 7.12613016E-3 1.07660002E-4
4.38802782E-3 2.88212268E-5 0 0
2.7625251 1.74950361E-2 7.01904017E-3 1.08487002E-4
4.42222273E-3 3.01972432E-5 0 0
2.7950201 1.49999857E-2 6.53210003E-3 1.15388E-4
4.45662159E-3 3.14737299E-5 0 0
2.8275151 1.74950361E-2 6.61225989E-3 1.08624998E-4
4.48775431E-3 3.27940106E-5 0 0
2.8625102 1.75000429E-2 6.43145991E-3 1.10255001E-4
4.52113198E-3 3.42396706E-5 0 0
2.8975101 1.74999237E-2 6.45596022E-3 1.08669003E-4
4.54782182E-3 3.57627396E-5 0 0
2.9325099 1.75000429E-2 6.22064015E-3 1.08667999E-4
4.57766652E-3 3.72844188E-5 0 0
2.96751 1.74999237E-2 6.13522017E-3 1.09530003E-4
4.60581109E-3 3.88442677E-5 0 0
3.0025048 1.74950361E-2 5.7497099E-3 1.05457002E-4
4.62720869E-3 4.04841194E-5 0 0
3.0374999 1.75000429E-2 5.72371017E-3 1.06266001E-4
4.65209223E-3 4.21212353E-5 0 0
3.0725 1.74999237E-2 5.6624799E-3 1.06029001E-4
4.67542326E-3 4.37974268E-5 0 0
3.1075001 1.75000429E-2 5.58510982E-3 1.06018E-4
4.69196821E-3 4.55570189E-5 0 0
3.1424999 1.75000429E-2 5.33398008E-3 1.04977997E-4
4.71230783E-3 4.73123073E-5 0 0
3.1775 1.74999237E-2 5.19423001E-3 1.06478998E-4
4.73120948E-3 4.91072424E-5 0 0
3.2149999 1.99999809E-2 5.19831013E-3 9.92829009E-5
4.73982701E-3 5.10679893E-5 0 0
3.2525001 1.75000429E-2 5.19901002E-3 1.07102998E-4
4.75574937E-3 5.30380821E-5 0 0
3.2874999 1.75000429E-2 4.91505023E-3 1.07396998E-4
4.76518692E-3 5.50072837E-5 0 0
3.3225 1.74999237E-2 4.81437985E-3 1.07508E-4
4.77879774E-3 5.69695403E-5 0 0
3.3600001 2.00001001E-2 4.67337994E-3 9.80812983E-5
4.79002763E-3 5.91344251E-5 0 0
3.3975 1.74999237E-2 4.48904E-3 1.05434003E-4
4.79990756E-3 6.13480879E-5 0 0
3.4324999 1.75000429E-2 4.39260993E-3 1.05592E-4
4.80974792E-3 6.34398093E-5 0 0
3.47 1.99999809E-2 4.47063986E-3 9.92126006E-5
4.81358077E-3 6.57773053E-5 0 0
3.5075002 1.75000429E-2 4.36836993E-3 1.07170003E-4
4.82315989E-3 6.80994053E-5 0 0
3.5450001 1.99999809E-2 4.11495985E-3 9.84141006E-5
4.82452242E-3 7.0534792E-5 0 0
3.5825 1.74999237E-2 4.08925023E-3 1.04366001E-4
4.83174343E-3 7.29533713E-5 0 0
3.6199999 2.00001001E-2 3.92385991E-3 9.80976984E-5
4.83080698E-3 7.54875582E-5 0 0
3.6600001 1.99999809E-2 3.89020005E-3 9.8729899E-5
4.83402237E-3 7.81931667E-5 0 0
3.6975 1.74999237E-2 4.0350398E-3 1.04801999E-4
4.83440841E-3 8.07965625E-5 0 0
3.7350001 2.00001001E-2 3.79181001E-3 9.72163034E-5
4.83377697E-3 8.34483581E-5 0 0
3.7750001 1.99999809E-2 3.49126989E-3 9.56614022E-5
4.83365124E-3 8.63158057E-5 0 0
3.8125 1.74999237E-2 3.28473002E-3 1.01284997E-4
4.82756319E-3 8.91087475E-5 0 0
3.8499999 1.99999809E-2 3.43177002E-3 9.80437981E-5
4.8275548E-3 9.18772639E-5 0 0
3.8899999 2.00001001E-2 3.38070001E-3 9.69370012E-5
4.81960597E-3 9.49610258E-5 0 0
3.9300001 1.99999809E-2 3.39873997E-3 9.51551992E-5
4.8156241E-3 9.80498589E-5 0 0
3.97 1.99999809E-2 3.23826005E-3 9.74202994E-5
4.8106797E-3 1.01196274E-4 0 0
4.0100002 2.00001001E-2 3.03807994E-3 9.36539E-5
4.80001606E-3 1.04454986E-4 0 0
4.0500002 1.99999809E-2 3.03226011E-3 9.65732979E-5
4.7906274E-3 1.07654865E-4 0 0
4.0900002 1.99999809E-2 2.97133997E-3 9.46298023E-5
4.78274748E-3 1.10964298E-4 0 0
4.1300001 1.99999809E-2 2.88107991E-3 9.74993018E-5
4.77003632E-3 1.14405382E-4 0 0
4.1700001 1.99999809E-2 2.78775999E-3 9.57282027E-5
4.76139132E-3 1.17848373E-4 0 0
4.21 1.99999809E-2 2.68617994E-3 9.51967013E-5
4.75196354E-3 1.21350109E-4 0 0
4.25 1.99999809E-2 2.68138992E-3 9.43203995E-5
4.73710475E-3 1.24969447E-4 0 0
4.29 1.99999809E-2 2.56267004E-3 9.03131004E-5
4.7263545E-3 1.2858925E-4 0 0
4.3299999 1.99999809E-2 2.48520006E-3 9.39882011E-5
4.71490948E-3 1.32268295E-4 0 0
4.3699999 1.99999809E-2 2.34293006E-3 9.3936098E-5
4.69817827E-3 1.36067276E-4 0 0
4.4124999 2.25000381E-2 2.40886002E-3 8.92851021E-5
4.68467129E-3 1.40105054E-4 0 0
4.4549999 1.99999809E-2 2.38823006E-3 9.24397027E-5
4.66896128E-3 1.44232545E-4 0 0
4.4949999 1.99999809E-2 2.45524989E-3 9.4545001E-5
4.65514325E-3 1.48157531E-4 0 0
4.5374999 2.25000381E-2 2.29777E-3 8.99781007E-5
4.63674776E-3 1.5243594E-4 0 0
4.5799999 1.99999809E-2 2.21647997E-3 9.43894993E-5
4.61785961E-3 1.56784488E-4 0 0
4.6199999 1.99999809E-2 2.0401401E-3 9.33152987E-5
4.60257242E-3 1.60897209E-4 0 0
4.6624999 2.25000381E-2 2.13607005E-3 9.15386991E-5
4.58421698E-3 1.65355144E-4 0 0
4.7049999 1.99999809E-2 1.97238009E-3 9.28165027E-5
4.5668711E-3 1.69861523E-4 0 0
4.7474999 2.25000381E-2 1.92268996E-3 8.97463979E-5
4.54610912E-3 1.74478439E-4 0 0
4.79 1.99999809E-2 1.98642001E-3 9.23396001E-5
4.52497648E-3 1.79166149E-4 0 0
4.8325 2.25000381E-2 2.12698011E-3 9.15358032E-5
4.50640777E-3 1.83875993E-4 0 0
4.8775001 2.25000381E-2 1.91204995E-3 8.48108975E-5
4.48475964E-3 1.88962731E-4 0 0
4.9200001 1.99999809E-2 1.98034011E-3 9.56876029E-5
4.4639539E-3 1.9383883E-4 0 0
4.9625001 2.25000381E-2 1.72319997E-3 8.45005998E-5
4.44282172E-3 1.98782029E-4 0 0
5.0075002 2.25000381E-2 1.96984992E-3 8.98220023E-5
4.42010816E-3 2.04092386E-4 0 0
5.0500002 1.99999809E-2 1.54576998E-3 9.0334499E-5
6.21657306E-3 4.39974759E-3 3.35069017E-5 0
5.0924997 2.24997997E-2 1.74168998E-3 8.84731999E-5
4.3763062E-3 2.14334956E-4 0 0
5.1374998 2.25000381E-2 1.53708004E-3 8.80879015E-5
5.79242408E-3 4.35271394E-3 3.52231E-5 0
5.1824999 2.25000381E-2 1.54043001E-3 8.20895002E-5
5.58830705E-3 4.32885671E-3 3.6122201E-5 0
5.2275 2.25000381E-2 1.61756994E-3 9.42292027E-5
5.39171463E-3 4.30475315E-3 3.70337984E-5 0
5.2725 2.25000381E-2 1.50155998E-3 8.97050995E-5
5.20236464E-3 4.28042188E-3 3.79578996E-5 0
5.3175001 2.25000381E-2 1.49671E-3 8.8918503E-5
5.01998607E-3 4.2558806E-3 3.88945009E-5 0
5.3625002 2.25000381E-2 1.44460995E-3 8.50176002E-5
4.84431675E-3 4.23114514E-3 3.98435986E-5 0
5.4075003 2.24997997E-2 1.48215005E-3 8.95097983E-5
4.67510754E-3 4.20623273E-3 4.08052001E-5 0
5.4524999 2.25000381E-2 1.42830005E-3 8.82003005E-5
4.51211166E-3 4.18115826E-3 4.17793017E-5 0
5.4974999 2.25000381E-2 1.40781002E-3 8.76447011E-5
4.35509626E-3 4.15593619E-3 4.27658997E-5 0
5.5650001 4.50000763E-2 1.33207999E-3 6.48893983E-5
4.13156534E-3 4.117948E-3 4.42667006E-5 0
5.6575003 4.74998951E-2 1.19380001E-3 6.21892032E-5
3.84221855E-3 4.06486681E-3 4.63739998E-5 0
5.75 4.50000763E-2 1.24410004E-3 6.50303991E-5
4.01244545E-3 3.02942906E-4 0 0
5.8199997 2.49998569E-2 1.30389002E-3 8.42864029E-5
3.38598876E-3 3.97210382E-3 5.02028015E-5 0
5.8674998 2.25000381E-2 1.42244005E-3 9.14998018E-5
3.26370122E-3 3.94471642E-3 5.13527011E-5 0
5.9375 4.75001335E-2 1.15902E-3 6.39783975E-5
3.90489027E-3 3.3125843E-4 0 0
6.0325003 4.74998951E-2 1.25199999E-3 6.22871012E-5
2.87437229E-3 3.8489704E-3 5.54536018E-5 0
6.1275001 4.75001335E-2 1.12723E-3 6.85373016E-5
2.67365458E-3 3.79452389E-3 5.78897998E-5 0
6.2224998 4.74998951E-2 1.04660995E-3 6.45697E-5
2.48772325E-3 3.74009693E-3 6.03816006E-5 0
6.3199997 4.99999523E-2 1.10179E-3 6.58982026E-5
2.30934564E-3 3.68301664E-3 6.30018985E-5 0
6.4425001 7.24999905E-2 1.00434001E-3 5.42997986E-5
2.10731989E-3 3.61333857E-3 6.63659011E-5 0
6.5900002 7.50000477E-2 9.03001986E-4 5.44417016E-5
1.88716245E-3 3.52930464E-3 7.05460989E-5 0
6.7399998 7.50000477E-2 8.90041993E-4 5.65843002E-5
1.68819469E-3 3.44466208E-3 7.49340979E-5 0
6.915 9.99999046E-2 8.52799974E-4 5.12756997E-5
1.48513552E-3 3.34746274E-3 8.02180002E-5 0
7.1174998 0.10249996 8.06769996E-4 5.33107996E-5
1.27738679E-3 3.22640315E-3 8.62903034E-5 0
7.375 0.15500021 8.09294987E-4 4.90482016E-5
3.08251218E-3 5.89534349E-4 0 0
8.0725002 0.54249978 6.08501025E-4 4.04683014E-5
6.75582734E-4 2.75058858E-3 1.18684999E-4 0
10.025 1.4100003 5.19622001E-4 4.61685013E-5
2.23855066E-4 2.01048958E-3 1.98772002E-4 0
